-0.46656
-0.46656
-0.46656
-0.46656
-0.46656
-0.46656
-0.46656
-0.46656
-0.46656
-0.46656
-0.46656
-0.46656
-0.46656
-0.46656
-0.46656
-0.46656
-0.46656
-0.46656
-0.46656
-0.46656
-0.46656
-0.46656
-0.46656
-0.46656
-0.46656
-0.46656
-0.46656
-0.46656
-0.46656
-0.46656
-0.46656
-0.46656
-0.46656
-0.46656
-0.50366
-0.42008
-0.3983
-0.50234
-0.42829
-0.38716
-0.3076
-0.38468
-0.38578
-0.36307
-0.33234
-0.36229
-0.39841
-0.41341
-0.51032
-0.55825
-0.49837
-0.49874
-0.49777
-0.43282
-0.4785
-0.48377
-0.49785
-0.45038
-0.41268
-0.41588
-0.43843
-0.44365
-0.46663
-0.48653
-0.44677
-0.46656
-0.46656
-0.49801
-0.4688
-0.45268
-0.49279
-0.44004
-0.36439
-0.37877
-0.41766
-0.35877
-0.38153
-0.33596
-0.28938
-0.30121
-0.37682
-0.46197
-0.43994
-0.50362
-0.45146
-0.45618
-0.5035
-0.39736
-0.46258
-0.51565
-0.50199
-0.47932
-0.4169
-0.40704
-0.43541
-0.45319
-0.46934
-0.47304
-0.46656
-0.46656
-0.4002
-0.40496
-0.59148
-0.60555
-0.52646
-0.4062
-0.43215
-0.46052
-0.44388
-0.40231
-0.42045
-0.40048
-0.34724
-0.32296
-0.34162
-0.33387
-0.38493
-0.43566
-0.39237
-0.46618
-0.47078
-0.50835
-0.48612
-0.49231
-0.5159
-0.48791
-0.50415
-0.4343
-0.45093
-0.4505
-0.47898
-0.46656
-0.46656
-0.45064
-0.34321
-0.47465
-0.36152
-0.53108
-0.52187
-0.54042
-0.48376
-0.49834
-0.47988
-0.42519
-0.44523
-0.50876
-0.39059
-0.45958
-0.38012
-0.36452
-0.42046
-0.395
-0.47286
-0.433
-0.46033
-0.48102
-0.47421
-0.48487
-0.45952
-0.45558
-0.44896
-0.44353
-0.45222
-0.43856
-0.46656
-0.46656
-0.52908
-0.53888
-0.47723
-0.50729
-0.47299
-0.49454
-0.42076
-0.44768
-0.50395
-0.48822
-0.47365
-0.50619
-0.52613
-0.48298
-0.47052
-0.41408
-0.422
-0.42544
-0.41653
-0.43766
-0.4126
-0.47658
-0.41381
-0.43875
-0.4492
-0.4922
-0.47481
-0.45817
-0.49518
-0.41586
-0.47028
-0.46656
-0.46656
-0.58179
-0.58745
-0.52659
-0.55003
-0.50443
-0.5166
-0.48138
-0.50273
-0.47046
-0.43769
-0.49269
-0.46932
-0.40376
-0.4689
-0.4476
-0.47805
-0.51196
-0.497
-0.52533
-0.39912
-0.45302
-0.45681
-0.48587
-0.43171
-0.47118
-0.44036
-0.51302
-0.46381
-0.49159
-0.49506
-0.38298
-0.46656
-0.46656
-0.44856
-0.53836
-0.54029
-0.50673
-0.54217
-0.55986
-0.55469
-0.56677
-0.57895
-0.55536
-0.53533
-0.49607
-0.50138
-0.51521
-0.48793
-0.47788
-0.47346
-0.49643
-0.44618
-0.45484
-0.42074
-0.5323
-0.45054
-0.46027
-0.46856
-0.42843
-0.50004
-0.47028
-0.45843
-0.44793
-0.42927
-0.46656
-0.46656
-0.43809
-0.48709
-0.60645
-0.581
-0.62179
-0.54011
-0.50913
-0.5439
-0.57569
-0.56359
-0.51196
-0.54542
-0.49555
-0.57328
-0.52839
-0.55172
-0.471
-0.46088
-0.5328
-0.48264
-0.42993
-0.3515
-0.44716
-0.45001
-0.4563
-0.42903
-0.42097
-0.43092
-0.4328
-0.47772
-0.40942
-0.46656
-0.46656
-0.66377
-0.64213
-0.72418
-0.71767
-0.7237
-0.59006
-0.59035
-0.52882
-0.56582
-0.61056
-0.61166
-0.51883
-0.55924
-0.56202
-0.54348
-0.55678
-0.55663
-0.45665
-0.52022
-0.54692
-0.41386
-0.42899
-0.42081
-0.42532
-0.4652
-0.49718
-0.35979
-0.40433
-0.37246
-0.39318
-0.43692
-0.46656
-0.46656
-0.60114
-0.49163
-0.65941
-0.56128
-0.58948
-0.51416
-0.46289
-0.47603
-0.43685
-0.55317
-0.57585
-0.58326
-0.75519
-0.60442
-0.60373
-0.56003
-0.60657
-0.58979
-0.51318
-0.52743
-0.51264
-0.5201
-0.53822
-0.44983
-0.43169
-0.42303
-0.40719
-0.4386
-0.4071
-0.40257
-0.45375
-0.46656
-0.46656
-0.39767
-0.68073
-0.52433
-0.51137
-0.34154
-0.33013
-0.35634
-0.47487
-0.38824
-0.50869
-0.49702
-0.62317
-0.70282
-0.63036
-0.56348
-0.61311
-0.56026
-0.6496
-0.56873
-0.51263
-0.49708
-0.51213
-0.55647
-0.50916
-0.4993
-0.47818
-0.47936
-0.43296
-0.35295
-0.49677
-0.39241
-0.46656
-0.46656
-0.47404
-0.31623
-0.58599
-0.34274
-0.2235
-0.32258
-0.34931
-0.43852
-0.56372
-0.48346
-0.69314
-0.6609
-1
-0.73703
-0.66595
-0.75546
-0.61863
-0.73052
-0.78408
-0.62902
-0.66891
-0.58073
-0.53013
-0.55297
-0.53075
-0.5198
-0.46453
-0.45666
-0.60983
-0.50876
-0.49648
-0.46656
-0.46656
-0.22685
-0.17233
-0.34573
-0.23211
-0.12153
-0.33378
-0.18245
-0.19965
-0.30396
-0.4096
-0.61536
-0.54884
-0.76986
-0.73603
-0.85008
-0.83768
-0.7721
-0.73898
-0.70178
-0.69751
-0.64314
-0.57519
-0.49229
-0.54095
-0.63933
-0.66924
-0.55818
-0.53128
-0.48697
-0.51136
-0.48994
-0.46656
-0.46656
-0.27708
-0.21121
-0.12984
-0.028625
0.20098
0.006613
0.053158
-0.13654
0.0053635
0.038481
0.17074
-0.13088
-0.30186
-0.28106
-0.34052
-0.34384
-0.64996
-0.70278
-0.86653
-0.70182
-0.65312
-0.53091
-0.53167
-0.57999
-0.55547
-0.52001
-0.43855
-0.45658
-0.4818
-0.47134
-0.46265
-0.46656
-0.46656
-0.10804
-0.025208
0.17948
-0.10279
0.17169
0.24769
0.06641
0.074721
0.16226
0.27476
0.54393
0.56996
0.55951
0.56444
0.10104
0.040199
-0.0042632
-0.12986
-0.050446
-0.26833
-0.38744
-0.27616
-0.24507
-0.38921
-0.49435
-0.42375
-0.43726
-0.36439
-0.37011
-0.45747
-0.42394
-0.46656
-0.46656
-0.14926
-0.14394
-0.2259
-0.52179
-0.35675
-0.2644
-0.094399
0.083167
0.18923
0.27154
0.54414
0.71189
0.76694
0.82787
0.75647
1
1
0.66695
0.63812
0.60419
0.12556
0.056803
-0.24793
-0.12364
-0.26798
-0.38705
-0.35646
-0.33843
-0.3013
-0.39738
-0.37228
-0.46656
-0.46656
-0.35349
-0.47503
-0.29745
-0.60371
-0.59664
-0.58977
-0.59691
-0.42938
-0.42928
-0.37899
-0.19979
-0.16778
-0.12256
0.011179
0.072079
-0.13224
0.16819
0.60452
0.2958
0.27331
0.11447
0.082649
0.20044
0.012214
-0.012824
-0.12213
-0.26832
-0.37817
-0.39739
-0.37248
-0.28526
-0.46656
-0.46656
-0.52816
-0.65218
-0.64612
-0.77676
-0.91881
-0.75838
-0.66921
-0.90239
-0.79023
-0.60867
-0.64186
-0.6477
-0.7377
-0.65547
-0.48809
-0.40038
-0.35386
-0.20585
-0.1324
-0.17229
-0.063292
-0.16523
-0.20639
-0.16576
-0.07411
-0.31708
-0.27187
-0.22023
-0.26652
-0.27574
-0.24582
-0.46656
-0.46656
-0.57474
-0.78875
-0.77824
-0.62182
-0.66773
-0.60314
-0.79696
-0.75316
-0.61987
-0.74771
-0.79631
-0.71279
-0.65551
-0.8088
-0.61256
-0.72945
-0.79847
-0.69023
-0.53548
-0.52835
-0.42455
-0.38746
-0.41985
-0.37223
-0.33922
-0.32288
-0.33109
-0.30981
-0.28301
-0.32801
-0.56923
-0.46656
-0.46656
-0.4042
-0.43661
-0.54722
-0.40651
-0.43678
-0.47277
-0.54423
-0.48322
-0.66598
-0.67308
-0.67687
-0.66042
-0.7891
-0.73441
-0.91286
-0.75509
-0.73436
-0.60594
-0.64721
-0.84458
-0.59366
-0.44962
-0.74654
-0.5526
-0.49777
-0.63105
-0.63976
-0.446
-0.35138
-0.42872
-0.46853
-0.46656
-0.46656
-0.26594
-0.18459
-0.19787
-0.28933
-0.40608
-0.4909
-0.51732
-0.51726
-0.68616
-0.64556
-0.66107
-0.68919
-0.57224
-0.57225
-0.60259
-0.74349
-0.74911
-0.67622
-0.80512
-0.74365
-0.67241
-0.66837
-0.66378
-0.60876
-0.53407
-0.48369
-0.47731
-0.54566
-0.52974
-0.46389
-0.38543
-0.46656
-0.46656
-0.30052
-0.36932
-0.30728
-0.43368
-0.61653
-0.52711
-0.48941
-0.60133
-0.54787
-0.56087
-0.61237
-0.69298
-0.53199
-0.72924
-0.65361
-0.71352
-0.59694
-0.69923
-0.72524
-0.61174
-0.78034
-0.55236
-0.55877
-0.64351
-0.45652
-0.56628
-0.50534
-0.55506
-0.52733
-0.52143
-0.3592
-0.46656
-0.46656
-0.55326
-0.53314
-0.6692
-0.72827
-0.68114
-0.68035
-0.64159
-0.66909
-0.62722
-0.62079
-0.70322
-0.54546
-0.53007
-0.48284
-0.56577
-0.53158
-0.52664
-0.54777
-0.55222
-0.57828
-0.56185
-0.59211
-0.45178
-0.58494
-0.64152
-0.56266
-0.5785
-0.46486
-0.62737
-0.43428
-0.7131
-0.46656
-0.46656
-0.67679
-0.57238
-0.46403
-0.50181
-0.42945
-0.46013
-0.53041
-0.61555
-0.6008
-0.46814
-0.46057
-0.56486
-0.49013
-0.4977
-0.50167
-0.4733
-0.56936
-0.5342
-0.53465
-0.51413
-0.51135
-0.596
-0.51581
-0.54067
-0.65561
-0.59785
-0.77889
-0.51336
-0.49783
-0.48107
-0.51107
-0.46656
-0.46656
-0.61937
-0.47545
-0.44922
-0.46715
-0.38435
-0.49118
-0.55931
-0.54207
-0.49473
-0.5131
-0.51225
-0.43767
-0.50056
-0.51589
-0.42779
-0.49395
-0.71557
-0.42903
-0.55132
-0.49052
-0.48437
-0.52855
-0.46824
-0.48649
-0.56103
-0.58458
-0.58064
-0.44936
-0.51397
-0.48013
-0.48205
-0.46656
-0.46656
-0.70423
-0.50008
-0.50856
-0.44004
-0.39118
-0.38629
-0.43084
-0.48764
-0.43962
-0.40278
-0.49406
-0.48268
-0.43615
-0.46731
-0.50025
-0.36894
-0.48772
-0.44116
-0.53915
-0.41674
-0.40665
-0.56873
-0.44819
-0.57208
-0.47792
-0.56902
-0.53311
-0.53992
-0.5484
-0.53017
-0.55609
-0.46656
-0.46656
-0.64083
-0.59488
-0.50199
-0.44797
-0.50803
-0.43958
-0.43572
-0.41143
-0.3821
-0.45449
-0.40737
-0.34101
-0.33569
-0.39235
-0.46264
-0.40925
-0.39737
-0.50445
-0.4481
-0.50527
-0.47088
-0.47301
-0.5245
-0.50226
-0.48301
-0.49165
-0.63228
-0.48946
-0.55104
-0.49393
-0.44452
-0.46656
-0.46656
-0.73159
-0.57669
-0.56954
-0.4547
-0.43577
-0.50273
-0.46079
-0.4643
-0.432
-0.43103
-0.42205
-0.39685
-0.4863
-0.49892
-0.44978
-0.49978
-0.41293
-0.43121
-0.49324
-0.49654
-0.40056
-0.38723
-0.51668
-0.46305
-0.43687
-0.38741
-0.48656
-0.44531
-0.45177
-0.47312
-0.44657
-0.46656
-0.46656
-0.51893
-0.49979
-0.44284
-0.48139
-0.48237
-0.50936
-0.42303
-0.61646
-0.41107
-0.41484
-0.36709
-0.43077
-0.33307
-0.47823
-0.50118
-0.44452
-0.46704
-0.42933
-0.35176
-0.47257
-0.48707
-0.42778
-0.48793
-0.39511
-0.4313
-0.42561
-0.44426
-0.41782
-0.45622
-0.50728
-0.47036
-0.46656
-0.46656
-0.43204
-0.39642
-0.5183
-0.44131
-0.58044
-0.59571
-0.51038
-0.4942
-0.45418
-0.41591
-0.38905
-0.43202
-0.4084
-0.35592
-0.49705
-0.37881
-0.48478
-0.50827
-0.3694
-0.37271
-0.43346
-0.44963
-0.43734
-0.45123
-0.42864
-0.46493
-0.44991
-0.46126
-0.4708
-0.43067
-0.47805
-0.46656
-0.46656
-0.41676
-0.39799
-0.42275
-0.46948
-0.42864
-0.45412
-0.4401
-0.39123
-0.40415
-0.47662
-0.5139
-0.36961
-0.34646
-0.38479
-0.42229
-0.44784
-0.45939
-0.36403
-0.36988
-0.414
-0.39525
-0.39172
-0.42286
-0.43149
-0.42258
-0.48223
-0.43918
-0.43124
-0.4583
-0.47369
-0.46297
-0.46656
-0.46656
-0.46656
-0.46656
-0.46656
-0.46656
-0.46656
-0.46656
-0.46656
-0.46656
-0.46656
-0.46656
-0.46656
-0.46656
-0.46656
-0.46656
-0.46656
-0.46656
-0.46656
-0.46656
-0.46656
-0.46656
-0.46656
-0.46656
-0.46656
-0.46656
-0.46656
-0.46656
-0.46656
-0.46656
-0.46656
-0.46656
-0.46656
-0.46656
