-0.60789
-0.60789
-0.60789
-0.60789
-0.60789
-0.60789
-0.60789
-0.60789
-0.60789
-0.60789
-0.60789
-0.60789
-0.60789
-0.60789
-0.60789
-0.60789
-0.60789
-0.60789
-0.60789
-0.60789
-0.60789
-0.60789
-0.60789
-0.60789
-0.60789
-0.60789
-0.60789
-0.60789
-0.60789
-0.60789
-0.60789
-0.60789
-0.60789
-0.60789
-0.57092
-0.58259
-0.62063
-0.61921
-0.58614
-0.57507
-0.64251
-0.60882
-0.60789
-0.56461
-0.54681
-0.60264
-0.53059
-0.55135
-0.60499
-0.57036
-0.5941
-0.58991
-0.62795
-0.61785
-0.62799
-0.63637
-0.64102
-0.62425
-0.62624
-0.60962
-0.62146
-0.60789
-0.60789
-0.60789
-0.60644
-0.60789
-0.60789
-0.57904
-0.58876
-0.6007
-0.60653
-0.56965
-0.539
-0.58492
-0.59164
-0.64642
-0.5948
-0.59645
-0.60132
-0.58981
-0.54436
-0.65645
-0.65089
-0.62836
-0.59247
-0.60744
-0.63286
-0.58724
-0.58878
-0.60827
-0.61201
-0.61356
-0.60789
-0.60741
-0.60789
-0.59383
-0.60789
-0.60789
-0.60789
-0.60789
-0.62118
-0.54258
-0.62618
-0.61541
-0.61091
-0.62453
-0.58192
-0.61051
-0.62525
-0.61144
-0.56271
-0.602
-0.58462
-0.67878
-0.73527
-0.63544
-0.5854
-0.59858
-0.56384
-0.55318
-0.54812
-0.53431
-0.54204
-0.59611
-0.61551
-0.63125
-0.58043
-0.60789
-0.61013
-0.60789
-0.60789
-0.60789
-0.60789
-0.57996
-0.6463
-0.66873
-0.67475
-0.62129
-0.57477
-0.68633
-0.61477
-0.57118
-0.6267
-0.63624
-0.59864
-0.62592
-0.57881
-0.63162
-0.54989
-0.59795
-0.58536
-0.61254
-0.56789
-0.53793
-0.5565
-0.61949
-0.6357
-0.59158
-0.62395
-0.63214
-0.62779
-0.56879
-0.60335
-0.59536
-0.60789
-0.60789
-0.60988
-0.64297
-0.65452
-0.67435
-0.61321
-0.5989
-0.57751
-0.57384
-0.6081
-0.61829
-0.58238
-0.60089
-0.53161
-0.50256
-0.47237
-0.56039
-0.58625
-0.65317
-0.54652
-0.64045
-0.63291
-0.66339
-0.59575
-0.61139
-0.6167
-0.64044
-0.59388
-0.55742
-0.56805
-0.59498
-0.60789
-0.60789
-0.60789
-0.58237
-0.62906
-0.69172
-0.63236
-0.64383
-0.57987
-0.49323
-0.57942
-0.67759
-0.49468
-0.47064
-0.41092
-0.41837
-0.56035
-0.56757
-0.73402
-0.62353
-0.57841
-0.56829
-0.58506
-0.64149
-0.62848
-0.62623
-0.60998
-0.56467
-0.55341
-0.52162
-0.54671
-0.55824
-0.59479
-0.56051
-0.60789
-0.60789
-0.68109
-0.72907
-0.73476
-0.58001
-0.59432
-0.55937
-0.50282
-0.51626
-0.51009
-0.34969
-0.43607
-0.58629
-0.61655
-0.62205
-0.59258
-0.59136
-0.67746
-0.57157
-0.73066
-0.72425
-0.56567
-0.5378
-0.5268
-0.58183
-0.60022
-0.49781
-0.48245
-0.5339
-0.57572
-0.60084
-0.62264
-0.60789
-0.60789
-0.60936
-0.57548
-0.58872
-0.54944
-0.47953
-0.48586
-0.59929
-0.57352
-0.57179
-0.67152
-0.56769
-0.61251
-0.64314
-0.69395
-0.72488
-0.61658
-0.75393
-0.65322
-0.62305
-0.60719
-0.58419
-0.56176
-0.44155
-0.42148
-0.49818
-0.49753
-0.54498
-0.54671
-0.59017
-0.64109
-0.61952
-0.60789
-0.60789
-0.62562
-0.71482
-0.67995
-0.51284
-0.55965
-0.4419
-0.46819
-0.5466
-0.60933
-0.72013
-0.91831
-0.69618
-0.53203
-0.67788
-0.61628
-0.6235
-0.6429
-0.67935
-0.46622
-0.54745
-0.391
-0.35352
-0.40273
-0.44043
-0.35665
-0.54662
-0.4945
-0.46447
-0.61492
-0.65469
-0.61059
-0.60789
-0.60789
-0.6907
-0.70215
-0.58304
-0.61594
-0.66033
-0.63508
-0.70751
-0.66988
-0.59447
-0.79083
-0.70983
-0.71132
-0.56229
-0.61706
-0.4991
-0.54983
-0.61437
-0.43755
-0.40537
-0.27636
-0.37056
-0.262
-0.20617
-0.23896
-0.55705
-0.64369
-0.5446
-0.58949
-0.68422
-0.65835
-0.64849
-0.60789
-0.60789
-0.74076
-0.70888
-0.62632
-0.53816
-0.47364
-0.59987
-0.58378
-0.57378
-0.61593
-0.56888
-0.60646
-0.64298
-0.55958
-0.534
-0.70506
-0.61184
-0.46275
-0.288
-0.23366
-0.227
-0.24954
-0.31085
-0.44934
-0.49116
-0.66436
-0.55948
-0.74217
-0.65146
-0.70694
-0.71976
-0.71264
-0.60789
-0.60789
-0.64376
-0.68936
-0.71566
-0.45403
-0.55146
-0.60918
-0.62087
-0.7831
-0.68486
-0.59814
-0.6661
-0.7307
-0.60033
-0.6738
-0.69028
-0.48683
-0.45508
-0.15658
-0.08875
-0.032952
-0.30855
-0.13522
-0.41683
-0.45043
-0.60915
-0.3888
-0.6053
-0.60838
-0.74644
-0.53915
-0.67039
-0.60789
-0.60789
-0.72957
-0.65984
-0.68552
-0.65222
-0.75766
-0.7422
-0.61282
-0.63826
-0.68654
-0.58178
-0.74226
-0.4508
-0.62922
-0.55598
-0.54616
-0.35736
-0.16008
0.20724
0.11204
0.21903
0.19507
-0.25673
-0.3862
-0.56582
-0.53933
-0.56607
-0.64132
-0.51507
-0.79574
-0.81501
-0.71878
-0.60789
-0.60789
-0.62453
-0.62548
-0.6478
-0.70633
-0.73979
-0.67944
-0.65718
-0.60659
-0.52501
-0.81204
-0.79762
-0.7066
-0.46161
-0.34872
-0.23983
-0.11651
0.24907
0.36078
0.30456
-0.045319
-0.22605
-0.48942
-0.63026
-0.71772
-0.53996
-0.75577
-0.80021
-0.65795
-0.79193
-0.73201
-0.71725
-0.60789
-0.60789
-0.65439
-0.6222
-0.66524
-0.68575
-0.75671
-0.63828
-0.70553
-0.74431
-0.76051
-0.75701
-0.60084
-0.58042
-0.48756
0.00057218
0.18788
0.7556
0.63242
0.59763
-0.12206
-0.41848
-0.33865
-0.54072
-0.73027
-0.79403
-0.59936
-0.71797
-0.67738
-0.81199
-0.81904
-0.67421
-0.57622
-0.60789
-0.60789
-0.65639
-0.60933
-0.60762
-0.70679
-0.73224
-0.83653
-0.72654
-0.75832
-0.64863
-0.64864
-0.6659
-0.52755
-0.46709
0.048171
0.89676
1
0.84906
0.0082809
-0.13109
-0.60191
-0.63996
-0.56238
-0.82655
-0.79367
-0.65806
-0.74347
-0.74878
-0.61712
-0.70808
-0.53776
-0.76703
-0.60789
-0.60789
-0.50585
-0.55384
-0.70897
-0.74442
-0.64754
-0.54943
-0.75347
-0.57214
-0.6753
-0.59122
-0.67927
-0.39171
-0.14725
0.44172
1
0.69779
0.30315
0.18856
-0.44141
-0.45819
-0.69244
-0.97627
-1
-0.70908
-0.83642
-0.66519
-0.73274
-0.76326
-0.83781
-0.57525
-0.78045
-0.60789
-0.60789
-0.5192
-0.62544
-0.74219
-0.76642
-0.75238
-0.86201
-0.7321
-0.61705
-0.65453
-0.34021
-0.36457
-0.063168
0.14426
0.43353
0.51562
0.35482
-0.074848
-0.21296
-0.36399
-0.5335
-0.6759
-0.64412
-0.80606
-0.88737
-0.61872
-0.83084
-0.70235
-0.71182
-0.68591
-0.728
-0.73793
-0.60789
-0.60789
-0.5616
-0.61981
-0.64494
-0.75722
-0.75677
-0.79828
-0.7313
-0.53039
-0.45255
-0.31881
-0.1751
-0.020905
0.19821
0.37322
0.13736
-0.042839
-0.20797
-0.19171
-0.45543
-0.36463
-0.79879
-0.5915
-0.65701
-0.72925
-0.89036
-0.74082
-0.71477
-0.73237
-0.69742
-0.72567
-0.63587
-0.60789
-0.60789
-0.60624
-0.60575
-0.52703
-0.78615
-0.73573
-0.77131
-0.69071
-0.56631
-0.24764
-0.24534
-0.3253
0.013428
0.23457
0.20952
-0.18811
-0.33244
-0.47479
-0.29823
-0.46513
-0.41062
-0.64404
-0.60579
-0.64482
-0.72551
-0.75686
-0.73234
-0.79861
-0.60645
-0.65455
-0.71301
-0.73729
-0.60789
-0.60789
-0.57982
-0.63397
-0.66128
-0.67388
-0.60174
-0.53676
-0.53709
-0.61518
-0.24011
-0.11048
-0.29613
-0.028472
0.10857
0.062377
-0.18811
-0.26687
-0.18745
-0.23937
-0.36241
-0.5358
-0.58492
-0.66951
-0.71928
-0.66173
-0.85617
-0.74511
-0.67284
-0.69638
-0.81062
-0.64094
-0.61933
-0.60789
-0.60789
-0.51737
-0.71368
-0.77096
-0.70039
-0.62168
-0.68029
-0.54691
-0.48324
-0.29203
-0.44714
-0.38755
-0.098675
0.082784
-0.15019
-0.27384
-0.40438
-0.57064
-0.50476
-0.61853
-0.36073
-0.51713
-0.62973
-0.49526
-0.6967
-0.77178
-0.87955
-0.78173
-0.86168
-0.68744
-0.70785
-0.64563
-0.60789
-0.60789
-0.59739
-0.75712
-0.67616
-0.57966
-0.48639
-0.6103
-0.62259
-0.29534
-0.35228
-0.32834
-0.19685
-0.30445
0.04257
-0.27769
-0.20937
-0.31417
-0.52151
-0.59037
-0.57569
-0.55944
-0.5604
-0.6788
-0.80212
-0.75108
-0.68715
-0.75036
-0.79101
-0.74338
-0.77663
-0.72245
-0.68114
-0.60789
-0.60789
-0.53917
-0.53413
-0.55291
-0.51907
-0.58329
-0.44471
-0.39398
-0.42591
-0.32811
-0.4089
-0.24249
-0.053026
-0.049854
0.04926
-0.32388
-0.48185
-0.44801
-0.50834
-0.64318
-0.78572
-0.6403
-0.67263
-0.7518
-0.74874
-0.80519
-0.6991
-0.65527
-0.78749
-0.69614
-0.6492
-0.54388
-0.60789
-0.60789
-0.47903
-0.56647
-0.50879
-0.57914
-0.52656
-0.49871
-0.50529
-0.45071
-0.44545
-0.43533
-0.37236
-0.11471
-0.17675
-0.1642
-0.55765
-0.43007
-0.53285
-0.57645
-0.61039
-0.65775
-0.66006
-0.71305
-0.7478
-0.82391
-0.7357
-0.83374
-0.62699
-0.60182
-0.55755
-0.57526
-0.57274
-0.60789
-0.60789
-0.55564
-0.53524
-0.68374
-0.61719
-0.44638
-0.62055
-0.41966
-0.57837
-0.46065
-0.32397
-0.20572
-0.38136
-0.22068
-0.31746
-0.33323
-0.50463
-0.44138
-0.53153
-0.63916
-0.79731
-0.72998
-0.67275
-0.57878
-0.75252
-0.8327
-0.93549
-0.71548
-0.67278
-0.59046
-0.66355
-0.65909
-0.60789
-0.60789
-0.65584
-0.70302
-0.69257
-0.67693
-0.6518
-0.55138
-0.33213
-0.55985
-0.30798
-0.41393
-0.35444
-0.30001
-0.32262
-0.38824
-0.52209
-0.53236
-0.57607
-0.51118
-0.75548
-0.70049
-0.66818
-0.55507
-0.55408
-0.74519
-0.50719
-0.70001
-0.58497
-0.58792
-0.58261
-0.39706
-0.6742
-0.60789
-0.60789
-0.65756
-0.65924
-0.7035
-0.68898
-0.65847
-0.57342
-0.46492
-0.51704
-0.45159
-0.44533
-0.33003
-0.42676
-0.4896
-0.33179
-0.3698
-0.34958
-0.51786
-0.67164
-0.74443
-0.78989
-0.64446
-0.48975
-0.56489
-0.78106
-0.62511
-0.73209
-0.68017
-0.64182
-0.57047
-0.50317
-0.60788
-0.60789
-0.60789
-0.64196
-0.61923
-0.62364
-0.58108
-0.5963
-0.6046
-0.65397
-0.54782
-0.48346
-0.53758
-0.53771
-0.35228
-0.55201
-0.26415
-0.33502
-0.47019
-0.45672
-0.59865
-0.67265
-0.52542
-0.58194
-0.53993
-0.61266
-0.82533
-0.6282
-0.73841
-0.63081
-0.57214
-0.54889
-0.58982
-0.56476
-0.60789
-0.60789
-0.6106
-0.65751
-0.59934
-0.50757
-0.63903
-0.55294
-0.54156
-0.53134
-0.45274
-0.50006
-0.56675
-0.44231
-0.45705
-0.4475
-0.55233
-0.41474
-0.50722
-0.512
-0.74212
-0.68968
-0.40979
-0.60258
-0.58799
-0.75868
-0.76774
-0.55895
-0.58371
-0.6407
-0.57258
-0.52409
-0.52783
-0.60789
-0.60789
-0.59692
-0.6084
-0.66965
-0.6229
-0.55877
-0.64723
-0.61383
-0.5848
-0.57048
-0.61386
-0.53159
-0.47893
-0.53349
-0.52229
-0.43262
-0.49318
-0.52181
-0.46711
-0.55595
-0.59868
-0.54082
-0.50571
-0.56468
-0.5469
-0.53043
-0.54777
-0.57114
-0.63564
-0.51392
-0.4306
-0.52188
-0.60789
-0.60789
-0.60789
-0.60789
-0.60789
-0.60789
-0.60789
-0.60789
-0.60789
-0.60789
-0.60789
-0.60789
-0.60789
-0.60789
-0.60789
-0.60789
-0.60789
-0.60789
-0.60789
-0.60789
-0.60789
-0.60789
-0.60789
-0.60789
-0.60789
-0.60789
-0.60789
-0.60789
-0.60789
-0.60789
-0.60789
-0.60789
-0.60789
-0.60789
