-0.66257
-0.66257
-0.66257
-0.66257
-0.66257
-0.66257
-0.66257
-0.66257
-0.66257
-0.66257
-0.66257
-0.66257
-0.66257
-0.66257
-0.66257
-0.66257
-0.66257
-0.66257
-0.66257
-0.66257
-0.66257
-0.66257
-0.66257
-0.66257
-0.66257
-0.66257
-0.66257
-0.66257
-0.66257
-0.66257
-0.66257
-0.66257
-0.66257
-0.66257
-0.80422
-0.85771
-0.64642
-0.78955
-0.6228
-0.4909
-0.55052
-0.588
-0.52535
-0.45366
-0.48536
-0.44676
-0.52483
-0.53387
-0.6585
-0.65514
-0.62312
-0.66028
-0.60935
-0.69842
-0.69118
-0.63842
-0.68611
-0.71494
-0.65214
-0.66401
-0.66257
-0.66257
-0.66257
-0.66257
-0.66257
-0.66257
-0.66257
-0.73199
-0.62737
-0.64385
-0.78031
-0.62376
-0.65124
-0.54075
-0.4255
-0.5252
-0.64004
-0.58832
-0.55365
-0.48414
-0.4913
-0.57868
-0.55599
-0.56003
-0.64184
-0.63972
-0.69422
-0.73705
-0.68289
-0.72511
-0.66523
-0.68289
-0.66885
-0.69587
-0.70523
-0.66257
-0.66463
-0.65123
-0.66257
-0.66257
-0.70758
-0.81025
-0.70047
-0.59506
-0.63752
-0.68596
-0.76483
-0.54323
-0.65093
-0.50285
-0.53503
-0.55331
-0.42725
-0.25556
-0.47517
-0.37106
-0.58729
-0.70595
-0.66257
-0.66236
-0.71736
-0.68974
-0.74912
-0.64119
-0.64217
-0.60028
-0.72249
-0.66257
-0.71334
-0.66257
-0.66509
-0.66257
-0.66257
-0.63238
-0.75868
-0.81713
-0.68888
-0.77878
-0.5108
-0.73052
-0.608
-0.54612
-0.61102
-0.46756
-0.35462
-0.43883
-0.35398
-0.27638
-0.5012
-0.54861
-0.67975
-0.64068
-0.77104
-0.66257
-0.67285
-0.70284
-0.7066
-0.63581
-0.65187
-0.73591
-0.5897
-0.64982
-0.69736
-0.7138
-0.66257
-0.66257
-0.71898
-0.74408
-0.6568
-0.7049
-0.70423
-0.59093
-0.70855
-0.65219
-0.58215
-0.6937
-0.61703
-0.60716
-0.41177
-0.38345
-0.26457
-0.36957
-0.5882
-0.59561
-0.67092
-0.71432
-0.69619
-0.71654
-0.62081
-0.75469
-0.62775
-0.5984
-0.72885
-0.70309
-0.69448
-0.66257
-0.60676
-0.66257
-0.66257
-0.7523
-0.81655
-0.64815
-0.72708
-0.7077
-0.72947
-0.65397
-0.56203
-0.61033
-0.50829
-0.67429
-0.60328
-0.39025
-0.14675
-0.073677
-0.3833
-0.2455
-0.63264
-0.66257
-0.68656
-0.70126
-0.68473
-0.62243
-0.70359
-0.68419
-0.65369
-0.67548
-0.66358
-0.69685
-0.69666
-0.69372
-0.66257
-0.66257
-0.71558
-0.58869
-0.67716
-0.70326
-0.69163
-0.72698
-0.68606
-0.6338
-0.57467
-0.64352
-0.61949
-0.52908
-0.55683
-0.21781
-0.14354
0.029604
-0.45417
-0.59184
-0.60658
-0.70183
-0.66546
-0.66183
-0.67255
-0.72057
-0.67486
-0.65878
-0.62881
-0.67295
-0.67927
-0.66525
-0.66257
-0.66257
-0.66257
-0.81523
-0.71986
-0.68689
-0.7694
-0.65184
-0.69199
-0.63153
-0.68003
-0.68681
-0.72473
-0.60609
-0.40029
-0.57708
-0.38052
0.03368
0.22718
-0.40448
-0.53706
-0.60865
-0.59367
-0.65767
-0.79884
-0.63989
-0.69547
-0.70442
-0.68624
-0.62316
-0.67598
-0.71369
-0.66866
-0.71257
-0.66257
-0.66257
-0.84594
-0.65198
-0.76299
-0.70352
-0.69269
-0.71952
-0.68137
-0.70608
-0.691
-0.74573
-0.66801
-0.65891
-0.56237
-0.41715
0.1367
0.70162
0.23914
-0.53873
-0.54966
-0.72242
-0.63932
-0.66139
-0.71983
-0.67846
-0.8047
-0.68666
-0.47679
-0.64205
-0.70572
-0.69212
-0.66257
-0.66257
-0.66257
-0.63109
-0.79093
-0.69525
-0.71609
-0.71714
-0.73106
-0.65047
-0.70303
-0.636
-0.65867
-0.67684
-0.66118
-0.55437
-0.44946
-0.11467
0.26496
0.32032
-0.54918
-0.53893
-0.71821
-0.61208
-0.68829
-0.65813
-0.59946
-0.74357
-0.71023
-0.73748
-0.66065
-0.723
-0.67398
-0.6859
-0.66257
-0.66257
-0.70042
-0.6959
-0.70318
-0.7198
-0.75421
-0.72553
-0.69657
-0.65449
-0.62517
-0.66903
-0.6881
-0.67248
-0.63144
-0.46367
-0.061716
0.49725
0.2801
-0.18708
-0.56841
-0.49475
-0.66091
-0.71339
-0.70892
-0.60701
-0.65045
-0.88743
-0.61506
-0.57853
-0.72571
-0.70529
-0.72743
-0.66257
-0.66257
-0.74658
-0.66505
-0.77468
-0.75496
-0.68884
-0.65566
-0.79479
-0.60253
-0.63409
-0.7289
-0.65447
-0.68052
-0.57745
-0.30222
-0.18418
0.28928
0.16173
-0.21893
-0.55898
-0.62108
-0.78555
-0.69744
-0.74441
-0.57426
-0.73025
-0.804
-0.70486
-0.65027
-0.67576
-0.69198
-0.63556
-0.66257
-0.66257
-0.68887
-0.88208
-0.76483
-0.68346
-0.78296
-0.7868
-0.77267
-0.68858
-0.59379
-0.62978
-0.69898
-0.65964
-0.60649
-0.54584
0.078215
0.61096
0.57234
-0.31751
-0.61864
-0.58652
-0.58867
-0.64218
-0.67615
-0.63749
-0.64517
-0.75723
-0.70111
-0.60709
-0.60709
-0.76589
-0.68589
-0.66257
-0.66257
-0.90401
-0.97705
-0.6857
-0.79974
-1
-0.6572
-0.7129
-0.71962
-0.61524
-0.65059
-0.74081
-0.67089
-0.59699
-0.58084
-0.36489
0.63247
0.7031
-0.48997
-0.69437
-0.55522
-0.65733
-0.68288
-0.73335
-0.72026
-0.71488
-0.78607
-0.69974
-0.67898
-0.64865
-0.69471
-0.66631
-0.66257
-0.66257
-0.82153
-0.8437
-0.8043
-0.73334
-0.72107
-0.67597
-0.86618
-0.66746
-0.60508
-0.6587
-0.73879
-0.7569
-0.60293
-0.55218
-0.10813
0.83451
0.2793
-0.45412
-0.41586
-0.59078
-0.58184
-0.66589
-0.64461
-0.61655
-0.67896
-0.77654
-0.67273
-0.5776
-0.66181
-0.71208
-0.72233
-0.66257
-0.66257
-0.76622
-0.83603
-0.7346
-0.74527
-0.73233
-0.74699
-0.73936
-0.66588
-0.62658
-0.67528
-0.69385
-0.65689
-0.76015
-0.5562
-0.10713
1
0.0085613
-0.49997
-0.60275
-0.61733
-0.66768
-0.65735
-0.66103
-0.64443
-0.72245
-0.82386
-0.66393
-0.66466
-0.63848
-0.69764
-0.71841
-0.66257
-0.66257
-0.66994
-0.72844
-0.88693
-0.73621
-0.64305
-0.79918
-0.72567
-0.66425
-0.62105
-0.62007
-0.62582
-0.66321
-0.62698
-0.33815
-0.044936
1
-0.026352
-0.47047
-0.65456
-0.5938
-0.63695
-0.68866
-0.6365
-0.76169
-0.77341
-0.67395
-0.61846
-0.67426
-0.69731
-0.70973
-0.62655
-0.66257
-0.66257
-0.59434
-0.71198
-0.63637
-0.68821
-0.66904
-0.80016
-0.75327
-0.61939
-0.69383
-0.62649
-0.7514
-0.70799
-0.42944
-0.33989
0.3134
0.22546
-0.26575
-0.45281
-0.62029
-0.61061
-0.65666
-0.8645
-0.66641
-0.61924
-0.71832
-0.72678
-0.60447
-0.68415
-0.74388
-0.67547
-0.64748
-0.66257
-0.66257
-0.63939
-0.83281
-0.70066
-0.71016
-0.6864
-0.77586
-0.66911
-0.74135
-0.65609
-0.64196
-0.80587
-0.56217
-0.36139
-0.15179
0.58233
-0.082787
-0.31416
-0.59573
-0.59764
-0.65361
-0.64043
-0.69091
-0.66728
-0.66244
-0.7483
-0.66257
-0.65478
-0.66257
-0.6674
-0.66257
-0.75007
-0.66257
-0.66257
-0.71687
-0.71067
-0.71264
-0.72608
-0.73183
-0.82654
-0.77819
-0.6317
-0.71423
-0.67826
-0.66942
-0.49665
0.040452
0.038711
0.2356
-0.14437
-0.57871
-0.61179
-0.55153
-0.6579
-0.62466
-0.70745
-0.6738
-0.71907
-0.74354
-0.68258
-0.69427
-0.76689
-0.68373
-0.66707
-0.66941
-0.66257
-0.66257
-0.66602
-0.63935
-0.65912
-0.71192
-0.633
-0.74685
-0.62425
-0.63603
-0.68133
-0.60674
-0.042102
-0.27827
-0.37224
0.2427
0.071024
-0.48201
-0.50651
-0.69828
-0.66696
-0.65731
-0.62141
-0.68153
-0.73097
-0.76822
-0.65791
-0.63354
-0.59944
-0.72627
-0.69874
-0.67796
-0.61484
-0.66257
-0.66257
-0.70734
-0.73774
-0.65768
-0.63175
-0.64536
-0.67202
-0.58163
-0.60535
-0.62338
-0.47305
-0.32438
-0.18073
-0.0040844
-0.086646
-0.42255
-0.41188
-0.57451
-0.57325
-0.58098
-0.69414
-0.68509
-0.75673
-0.67547
-0.66257
-0.64884
-0.68253
-0.66804
-0.64484
-0.65627
-0.65123
-0.68087
-0.66257
-0.66257
-0.75007
-0.59487
-0.74438
-0.63131
-0.52741
-0.74036
-0.6973
-0.56874
-0.42585
-0.52333
-0.38445
-0.18575
-0.30653
-0.25142
-0.52051
-0.43709
-0.61609
-0.63727
-0.64286
-0.67037
-0.67454
-0.68326
-0.7598
-0.6428
-0.65402
-0.64384
-0.68356
-0.65826
-0.71503
-0.66257
-0.66257
-0.66257
-0.66257
-0.74389
-0.70161
-0.69179
-0.51879
-0.55374
-0.56828
-0.46419
-0.57327
-0.38891
-0.41619
-0.45429
-0.17275
-0.41321
-0.50386
-0.43161
-0.55658
-0.67675
-0.46894
-0.5955
-0.75648
-0.70885
-0.73357
-0.69426
-0.62702
-0.69737
-0.68395
-0.66617
-0.73624
-0.72216
-0.70581
-0.657
-0.66257
-0.66257
-0.72972
-0.72801
-0.61684
-0.56378
-0.58982
-0.71149
-0.57062
-0.52489
-0.43729
-0.33769
-0.14679
-0.45366
-0.51669
-0.50932
-0.47182
-0.59498
-0.63082
-0.61269
-0.59376
-0.66044
-0.73438
-0.65135
-0.664
-0.72499
-0.71673
-0.66531
-0.67266
-0.66257
-0.71286
-0.66257
-0.66257
-0.66257
-0.66257
-0.64396
-0.6584
-0.67428
-0.60027
-0.63521
-0.59513
-0.55255
-0.44515
-0.17509
-0.38201
-0.39959
-0.423
-0.49101
-0.41734
-0.5099
-0.59413
-0.73064
-0.63003
-0.66688
-0.73422
-0.68541
-0.70857
-0.7137
-0.62036
-0.68698
-0.68757
-0.68992
-0.66257
-0.64873
-0.66257
-0.62939
-0.66257
-0.66257
-0.542
-0.70527
-0.73645
-0.61201
-0.5727
-0.44087
-0.58435
-0.31265
-0.35577
-0.61864
-0.4672
-0.49163
-0.60514
-0.45732
-0.58842
-0.66557
-0.67602
-0.74666
-0.77757
-0.5993
-0.77439
-0.63949
-0.67656
-0.72144
-0.67129
-0.64361
-0.64163
-0.66524
-0.66257
-0.66257
-0.66257
-0.66257
-0.66257
-0.75277
-0.4984
-0.51261
-0.61937
-0.46867
-0.33886
-0.52808
-0.52526
-0.61012
-0.64164
-0.51717
-0.63238
-0.51481
-0.6291
-0.63473
-0.65156
-0.65879
-0.7514
-0.59981
-0.65476
-0.66697
-0.66715
-0.67574
-0.66257
-0.61855
-0.66257
-0.66257
-0.66477
-0.66257
-0.66257
-0.66922
-0.66257
-0.66257
-0.60407
-0.43668
-0.60871
-0.44224
-0.68885
-0.66572
-0.56045
-0.6309
-0.58281
-0.61537
-0.53906
-0.59623
-0.58619
-0.63164
-0.63004
-0.64594
-0.6437
-0.66257
-0.67243
-0.66076
-0.66257
-0.65351
-0.67634
-0.66257
-0.66257
-0.65293
-0.68391
-0.66257
-0.66257
-0.66257
-0.66257
-0.66257
-0.66257
-0.71625
-0.68291
-0.57857
-0.63057
-0.61828
-0.61034
-0.71513
-0.65444
-0.69667
-0.62842
-0.63428
-0.54289
-0.55153
-0.65672
-0.65164
-0.65435
-0.68032
-0.64582
-0.66257
-0.6514
-0.70791
-0.7081
-0.66257
-0.63112
-0.64358
-0.66257
-0.70909
-0.66257
-0.66257
-0.66257
-0.6807
-0.66257
-0.66257
-0.64134
-0.58516
-0.65161
-0.66106
-0.66045
-0.64748
-0.64153
-0.5948
-0.61037
-0.51549
-0.58426
-0.46197
-0.80438
-0.65099
-0.66257
-0.66257
-0.61555
-0.57729
-0.66257
-0.67279
-0.66257
-0.68455
-0.66257
-0.60641
-0.63184
-0.66257
-0.66257
-0.66257
-0.66257
-0.6466
-0.66257
-0.66257
-0.66257
-0.66257
-0.66257
-0.66257
-0.66257
-0.66257
-0.66257
-0.66257
-0.66257
-0.66257
-0.66257
-0.66257
-0.66257
-0.66257
-0.66257
-0.66257
-0.66257
-0.66257
-0.66257
-0.66257
-0.66257
-0.66257
-0.66257
-0.66257
-0.66257
-0.66257
-0.66257
-0.66257
-0.66257
-0.66257
-0.66257
-0.66257
-0.66257
