-0.66846
-0.66846
-0.66846
-0.66846
-0.66846
-0.66846
-0.66846
-0.66846
-0.66846
-0.66846
-0.66846
-0.66846
-0.66846
-0.66846
-0.66846
-0.66846
-0.66846
-0.66846
-0.66846
-0.66846
-0.66846
-0.66846
-0.66846
-0.66846
-0.66846
-0.66846
-0.66846
-0.66846
-0.66846
-0.66846
-0.66846
-0.66846
-0.66846
-0.66846
-0.64265
-0.65877
-0.67657
-0.66406
-0.71836
-0.75827
-0.66118
-0.66894
-0.72328
-0.67231
-0.61837
-0.65945
-0.66888
-0.6473
-0.64329
-0.69357
-0.71121
-0.7452
-0.64283
-0.71526
-0.654
-0.70746
-0.72611
-0.6381
-0.69938
-0.53004
-0.5036
-0.49548
-0.50637
-0.53145
-0.62636
-0.66846
-0.66846
-0.66431
-0.66266
-0.69733
-0.66534
-0.76263
-0.71857
-0.5833
-0.68601
-0.61819
-0.53037
-0.64923
-0.6177
-0.5793
-0.67224
-0.72113
-0.64705
-0.62752
-0.64815
-0.75779
-0.80364
-0.6655
-0.67123
-0.60139
-0.51059
-0.39616
-0.39666
-0.42837
-0.49757
-0.65049
-0.53807
-0.60387
-0.66846
-0.66846
-0.66789
-0.6202
-0.68264
-0.69675
-0.70757
-0.71276
-0.5231
-0.61103
-0.60571
-0.61872
-0.6902
-0.64847
-0.81768
-0.73115
-0.8084
-0.71245
-0.79045
-0.79468
-0.82568
-0.64545
-0.53054
-0.65147
-0.44071
-0.46711
-0.58974
-0.45703
-0.60312
-0.61622
-0.62486
-0.61969
-0.60573
-0.66846
-0.66846
-0.65637
-0.69124
-0.67165
-0.62299
-0.71958
-0.67028
-0.56523
-0.6901
-0.66144
-0.64102
-0.69132
-0.64214
-0.83467
-0.72428
-0.68105
-0.74223
-0.9199
-0.74
-0.68399
-0.59458
-0.40969
-0.34428
-0.28924
-0.38763
-0.62882
-0.56959
-0.71561
-0.62888
-0.67234
-0.6058
-0.54092
-0.66846
-0.66846
-0.70511
-0.62329
-0.67644
-0.67545
-0.69648
-0.6831
-0.73394
-0.79788
-0.74307
-0.76215
-0.60444
-0.70334
-0.62804
-0.66772
-0.8912
-0.91352
-0.84286
-0.7028
-0.55541
-0.37328
-0.40704
-0.48261
-0.39948
-0.26951
-0.4945
-0.60023
-0.59519
-0.68374
-0.68874
-0.59433
-0.71831
-0.66846
-0.66846
-0.7223
-0.70131
-0.72868
-0.62224
-0.75475
-0.68328
-0.67067
-0.86265
-0.691
-0.61142
-0.65756
-0.67131
-0.60939
-0.78886
-0.8708
-0.73341
-0.61732
-0.38112
-0.38593
-0.41141
-0.24533
-0.37222
-0.43317
-0.53288
-0.49039
-0.63834
-0.74641
-0.74832
-0.61192
-0.58836
-0.58218
-0.66846
-0.66846
-0.73524
-0.75729
-0.64784
-0.70537
-0.64457
-0.72158
-0.67897
-0.63455
-0.78877
-0.66174
-0.69452
-0.78032
-0.99431
-0.83063
-0.63213
-0.48915
-0.56908
-0.29211
-0.20268
-0.27981
-0.37261
-0.48093
-0.45972
-0.56652
-0.52731
-0.66597
-0.69313
-0.6135
-0.74265
-0.62798
-0.72009
-0.66846
-0.66846
-0.57892
-0.72527
-0.75545
-0.72234
-0.7317
-0.67815
-0.68845
-0.69937
-0.72231
-0.69108
-0.7142
-0.8952
-0.92043
-0.76172
-0.57036
-0.56122
-0.44832
-0.1714
-0.28281
-0.13291
-0.27881
-0.41002
-0.4173
-0.46536
-0.6637
-0.62058
-0.76539
-0.6153
-0.50963
-0.63145
-0.77496
-0.66846
-0.66846
-0.65681
-0.6378
-0.6366
-0.7249
-0.71623
-0.64619
-0.76585
-0.62124
-0.61497
-0.68
-0.85865
-0.83556
-0.80672
-0.75018
-0.79646
-0.38302
-0.12589
-0.16192
-0.15114
-0.3233
-0.35231
-0.48418
-0.59537
-0.3696
-0.65188
-0.81374
-0.86462
-0.66029
-0.70478
-0.62051
-0.70826
-0.66846
-0.66846
-0.66675
-0.61142
-0.68081
-0.70011
-0.67344
-0.70006
-0.81117
-0.73766
-0.77287
-0.72943
-0.76883
-0.90758
-0.74255
-0.54878
-0.63671
-0.084813
-0.015937
-0.07695
-0.28965
-0.3764
-0.68744
-0.55338
-0.53517
-0.48182
-0.71461
-0.68936
-0.81176
-0.70422
-0.80302
-0.83147
-0.68288
-0.66846
-0.66846
-0.58503
-0.65382
-0.69311
-0.72952
-0.64073
-0.74287
-0.68126
-0.65387
-0.7575
-0.75253
-0.76796
-0.76719
-0.6666
-0.61278
-0.42615
-0.087287
-0.11594
0.0079719
-0.09987
-0.44368
-0.50736
-0.55208
-0.68281
-0.60121
-0.90353
-0.75662
-0.60262
-0.69828
-0.69318
-0.78902
-0.78072
-0.66846
-0.66846
-0.64523
-0.62525
-0.64735
-0.7165
-0.62959
-0.81098
-0.54227
-0.62683
-0.73252
-0.82324
-0.88381
-0.72948
-0.58145
-0.37379
-0.36226
-0.23424
0.10817
-0.089104
-0.29984
-0.56298
-0.58059
-0.54679
-0.60161
-0.75743
-0.75691
-0.7458
-0.57878
-0.71976
-0.63982
-0.75171
-0.86844
-0.66846
-0.66846
-0.60147
-0.71163
-0.64259
-0.63828
-0.74745
-0.6612
-0.6685
-0.72756
-0.84397
-0.82733
-0.8416
-0.6246
-0.49355
-0.40394
-0.24413
0.1732
0.21119
-0.14803
-0.45225
-0.58504
-0.50281
-0.58975
-0.52381
-0.56404
-0.53586
-0.61023
-0.66546
-0.6071
-0.76944
-0.77384
-0.82499
-0.66846
-0.66846
-0.70812
-0.62791
-0.67577
-0.79025
-0.71463
-0.7755
-0.78787
-0.77858
-0.72144
-0.79155
-0.60609
-0.63319
-0.65284
-0.41916
-0.20622
0.35724
0.16433
-0.018965
-0.44996
-0.445
-0.67452
-0.57841
-0.41355
-0.56313
-0.68566
-0.70334
-0.661
-0.71159
-0.66111
-0.61092
-0.71838
-0.66846
-0.66846
-0.735
-0.64287
-0.60466
-0.56089
-0.72834
-0.72522
-0.74779
-0.64483
-0.66161
-0.62973
-0.68145
-0.57383
-0.45921
-0.17554
0.30705
0.58547
0.4003
-0.050997
-0.26452
-0.61924
-0.594
-0.78017
-0.48628
-0.73081
-0.69927
-0.76014
-0.78164
-0.59975
-0.79488
-0.73186
-0.68722
-0.66846
-0.66846
-0.62932
-0.62861
-0.59686
-0.58812
-0.62795
-0.7983
-0.58175
-0.56724
-0.75643
-0.58309
-0.72724
-0.69732
-0.42914
-0.26967
0.44067
1
0.34344
-0.14609
-0.64435
-0.77246
-0.90102
-0.58096
-0.65791
-0.55905
-0.58917
-0.57563
-0.71253
-0.67579
-0.71029
-0.71573
-0.81863
-0.66846
-0.66846
-0.67492
-0.70438
-0.72964
-0.59412
-0.64883
-0.623
-0.5184
-0.64203
-0.6215
-0.69694
-0.49579
-0.62994
-0.33496
-0.031957
0.23795
1
0.11179
-0.31269
-0.68633
-0.77225
-0.78976
-0.60165
-0.49773
-0.54413
-0.64996
-0.64271
-0.60916
-0.74863
-0.8055
-0.75698
-0.73511
-0.66846
-0.66846
-0.52007
-0.62112
-0.48263
-0.6297
-0.67478
-0.57347
-0.56966
-0.63295
-0.66192
-0.72936
-0.75438
-0.56922
-0.52084
-0.13774
0.4101
0.44184
-0.12973
-0.36172
-0.65853
-0.58965
-0.82999
-0.83069
-0.66267
-0.64984
-0.70038
-0.72123
-0.77097
-0.86283
-0.87671
-1
-0.81505
-0.66846
-0.66846
-0.57209
-0.65814
-0.73163
-0.77227
-0.74974
-0.72598
-0.63921
-0.69544
-0.71279
-0.58239
-0.68602
-0.59584
-0.41568
-0.33783
-0.026325
0.31407
0.058856
-0.40166
-0.77716
-0.68682
-0.55969
-0.85017
-0.76546
-0.64013
-0.7386
-0.79353
-0.60874
-0.76076
-0.73412
-0.73021
-0.75847
-0.66846
-0.66846
-0.53378
-0.56522
-0.66393
-0.61265
-0.68601
-0.51959
-0.5266
-0.62101
-0.48263
-0.72378
-0.79695
-0.77303
-0.68086
-0.51695
-0.057659
-0.032147
-0.18347
-0.45416
-0.63874
-0.59549
-0.68285
-0.84559
-0.55476
-0.5544
-0.79495
-0.74486
-0.78025
-0.70965
-0.76054
-0.74989
-0.74472
-0.66846
-0.66846
-0.66511
-0.59032
-0.72037
-0.68159
-0.72388
-0.69415
-0.67388
-0.66322
-0.70936
-0.61917
-0.65138
-0.68093
-0.66853
-0.35917
-0.27904
-0.15359
-0.20381
-0.30664
-0.51982
-0.56761
-0.68057
-0.81054
-0.80385
-0.74576
-0.40486
-0.61812
-0.58266
-0.71641
-0.67715
-0.80049
-0.64671
-0.66846
-0.66846
-0.61241
-0.5864
-0.65535
-0.67775
-0.6965
-0.69747
-0.60487
-0.7261
-0.4485
-0.61722
-0.6403
-0.76886
-0.58562
-0.3669
-0.20838
-0.071007
-0.23153
-0.3985
-0.56135
-0.60445
-0.63343
-0.74498
-0.75353
-0.57259
-0.60459
-0.81506
-0.55098
-0.60884
-0.71023
-0.66958
-0.7511
-0.66846
-0.66846
-0.67159
-0.63112
-0.60003
-0.65964
-0.64459
-0.62051
-0.64627
-0.54741
-0.65885
-0.65957
-0.69016
-0.67196
-0.56535
-0.47087
-0.54649
-0.14306
-0.23246
-0.27295
-0.47769
-0.78543
-0.55104
-0.54801
-0.47119
-0.70207
-0.65866
-0.71119
-0.72198
-0.6355
-0.71364
-0.65701
-0.57054
-0.66846
-0.66846
-0.67877
-0.60162
-0.65564
-0.61085
-0.6932
-0.62038
-0.60572
-0.64219
-0.6677
-0.71851
-0.75762
-0.6457
-0.8633
-0.54753
-0.45743
-0.37562
-0.16353
-0.26668
-0.28106
-0.46358
-0.53217
-0.61175
-0.5254
-0.52592
-0.63046
-0.78843
-0.75236
-0.62992
-0.66761
-0.6546
-0.5523
-0.66846
-0.66846
-0.66943
-0.61326
-0.61961
-0.63332
-0.6623
-0.6424
-0.58639
-0.65903
-0.7195
-0.7189
-0.74773
-0.68683
-0.67132
-0.53609
-0.49836
-0.41067
-0.37899
-0.29549
-0.26947
-0.41892
-0.46901
-0.50778
-0.55919
-0.63039
-0.64828
-0.6717
-0.64774
-0.68996
-0.58996
-0.62508
-0.69171
-0.66846
-0.66846
-0.5849
-0.69739
-0.60181
-0.63135
-0.68374
-0.65454
-0.68335
-0.67306
-0.69071
-0.65955
-0.68546
-0.77816
-0.77922
-0.74541
-0.71868
-0.51934
-0.42519
-0.22764
-0.25529
-0.38519
-0.48448
-0.50647
-0.45552
-0.52692
-0.61116
-0.76005
-0.55267
-0.73653
-0.70607
-0.78427
-0.6149
-0.66846
-0.66846
-0.54584
-0.67432
-0.6379
-0.59495
-0.65537
-0.61182
-0.74036
-0.58848
-0.66938
-0.64283
-0.61235
-0.59039
-0.72342
-0.77184
-0.73673
-0.60628
-0.50701
-0.38653
-0.19867
-0.29789
-0.42731
-0.468
-0.56642
-0.43711
-0.61292
-0.66972
-0.60078
-0.55764
-0.63496
-0.73678
-0.57893
-0.66846
-0.66846
-0.59057
-0.56094
-0.65991
-0.69051
-0.66525
-0.5866
-0.60827
-0.61079
-0.66305
-0.62285
-0.58604
-0.66553
-0.64803
-0.6556
-0.64742
-0.75077
-0.51733
-0.47621
-0.50988
-0.37691
-0.2686
-0.39405
-0.39618
-0.58222
-0.53727
-0.59333
-0.59814
-0.65622
-0.8036
-0.68396
-0.8375
-0.66846
-0.66846
-0.62404
-0.54027
-0.67684
-0.63854
-0.53313
-0.65145
-0.73018
-0.66003
-0.62942
-0.62446
-0.65068
-0.57657
-0.64554
-0.62794
-0.60588
-0.65155
-0.66182
-0.73288
-0.50079
-0.57824
-0.48117
-0.50073
-0.37724
-0.52735
-0.56857
-0.52939
-0.68819
-0.67783
-0.68228
-0.67381
-0.70039
-0.66846
-0.66846
-0.58739
-0.65316
-0.59871
-0.77073
-0.62891
-0.62898
-0.69926
-0.64566
-0.67048
-0.70579
-0.61345
-0.53402
-0.65495
-0.58739
-0.57391
-0.59936
-0.5549
-0.63759
-0.56361
-0.69876
-0.63376
-0.51588
-0.36015
-0.42758
-0.45864
-0.57588
-0.51763
-0.53857
-0.68681
-0.70782
-0.65553
-0.66846
-0.66846
-0.58644
-0.70326
-0.61445
-0.69222
-0.72777
-0.65995
-0.64824
-0.60934
-0.60655
-0.5065
-0.58069
-0.56092
-0.60104
-0.6362
-0.69192
-0.66071
-0.59024
-0.52814
-0.59453
-0.53045
-0.67394
-0.62999
-0.52492
-0.51689
-0.50124
-0.38579
-0.58151
-0.62082
-0.53607
-0.53809
-0.59647
-0.66846
-0.66846
-0.66846
-0.66846
-0.66846
-0.66846
-0.66846
-0.66846
-0.66846
-0.66846
-0.66846
-0.66846
-0.66846
-0.66846
-0.66846
-0.66846
-0.66846
-0.66846
-0.66846
-0.66846
-0.66846
-0.66846
-0.66846
-0.66846
-0.66846
-0.66846
-0.66846
-0.66846
-0.66846
-0.66846
-0.66846
-0.66846
-0.66846
-0.66846
