-0.45206
-0.45206
-0.45206
-0.45206
-0.45206
-0.45206
-0.45206
-0.45206
-0.45206
-0.45206
-0.45206
-0.45206
-0.45206
-0.45206
-0.45206
-0.45206
-0.45206
-0.45206
-0.45206
-0.45206
-0.45206
-0.45206
-0.45206
-0.45206
-0.45206
-0.45206
-0.45206
-0.45206
-0.45206
-0.45206
-0.45206
-0.45206
-0.45206
-0.45206
-0.31717
-0.34547
-0.30918
-0.48367
-0.55856
-0.55436
-0.62125
-0.84185
-0.55683
-0.59663
-0.47061
-0.11998
-0.13264
-0.22823
-0.20327
-0.013391
-0.011044
-0.3113
-0.38968
-0.41179
-0.58028
-0.51356
-0.56918
-0.39834
-0.67974
-0.54909
-0.3667
-0.37635
-0.30377
-0.52696
-0.41956
-0.45206
-0.45206
-0.4418
-0.3717
-0.44016
-0.50824
-0.42504
-0.44286
-0.62586
-0.46565
-0.52645
-0.56757
-0.33346
0.030716
0.31511
-0.15932
-0.20925
-0.39041
-0.21201
-0.39611
-0.59655
-0.43962
-0.55575
-0.57057
-0.59316
-0.49952
-0.66193
-0.56379
-0.39319
-0.41876
-0.36086
-0.40668
-0.51846
-0.45206
-0.45206
-0.67605
-0.4238
-0.29373
-0.46403
-0.46527
-0.42905
-0.65779
-0.88804
-0.65477
-0.60406
-0.65304
-0.10481
0.44931
0.10287
0.13791
-0.23889
-0.33013
-0.5016
-0.54652
-0.54481
-0.57256
-0.65523
-0.57189
-0.58444
-0.62228
-0.59002
-0.39279
-0.4334
-0.42128
-0.41655
-0.49227
-0.45206
-0.45206
-0.45952
-0.39301
-0.32164
-0.35491
-0.46984
-0.39555
-0.62978
-0.74256
-0.68423
-0.60526
-0.51449
-0.34693
0.32252
0.13676
0.16014
-0.35356
-0.37261
-0.65706
-0.5669
-0.60188
-0.55181
-0.52431
-0.54614
-0.44581
-0.49688
-0.60432
-0.45847
-0.45894
-0.33817
-0.35688
-0.57002
-0.45206
-0.45206
-0.40499
-0.46879
-0.40662
-0.53293
-0.56712
-0.56277
-0.51363
-0.70467
-0.74442
-0.60896
-0.70868
-0.22901
-0.12471
0.07245
-0.066247
-0.27387
-0.2898
-0.47048
-0.84749
-0.70208
-0.51684
-0.59935
-0.66662
-0.63187
-0.5504
-0.48911
-0.4492
-0.49665
-0.37004
-0.46316
-0.58789
-0.45206
-0.45206
-0.39405
-0.41572
-0.3399
-0.56326
-0.48134
-0.56866
-0.59491
-0.71101
-0.80477
-0.61233
-0.55018
-0.38044
-0.13335
-0.055959
-0.069267
-0.014654
-0.35302
-0.4129
-0.6919
-0.58754
-0.53319
-0.44534
-0.49781
-0.58056
-0.47889
-0.43048
-0.4748
-0.37377
-0.40462
-0.48295
-0.48725
-0.45206
-0.45206
-0.51709
-0.46907
-0.4133
-0.31453
-0.44393
-0.40253
-0.47236
-0.59619
-0.69602
-0.68807
-0.5008
-0.37475
-0.25918
0.1808
0.0088326
-0.063221
-0.20044
-0.19373
-0.74022
-0.54437
-0.47061
-0.49761
-0.52384
-0.52516
-0.5502
-0.42105
-0.46717
-0.50936
-0.48678
-0.62748
-0.56548
-0.45206
-0.45206
-0.42761
-0.49577
-0.36423
-0.39558
-0.37993
-0.47398
-0.5551
-0.50256
-0.59507
-0.76226
-0.55435
-0.44724
-0.36563
0.067718
0.044689
0.0012876
-0.18845
-0.32943
-0.57442
-0.49652
-0.4632
-0.54131
-0.4481
-0.45103
-0.50159
-0.45985
-0.4713
-0.52121
-0.50931
-0.53619
-0.5104
-0.45206
-0.45206
-0.39216
-0.34839
-0.38328
-0.47284
-0.40631
-0.49303
-0.56098
-0.57277
-0.84381
-0.86202
-0.61466
-0.2659
-0.3255
0.07119
0.38157
-0.083686
-0.1876
-0.34248
-0.66314
-0.70737
-0.52022
-0.50633
-0.51709
-0.56145
-0.56336
-0.44535
-0.44063
-0.50183
-0.46109
-0.45863
-0.50827
-0.45206
-0.45206
-0.55444
-0.51137
-0.2798
-0.41198
-0.44296
-0.41884
-0.61089
-0.48108
-0.78251
-0.62369
-0.65977
-0.66866
-0.14618
-0.048293
0.47632
0.060004
-0.29895
-0.39333
-0.87305
-0.83533
-0.7501
-0.63944
-0.5371
-0.56226
-0.56491
-0.46446
-0.38253
-0.44298
-0.51028
-0.49944
-0.53765
-0.45206
-0.45206
-0.49522
-0.42522
-0.43132
-0.50851
-0.59259
-0.3807
-0.52639
-0.63594
-0.61457
-0.72576
-0.75707
-0.7248
-0.2319
0.13112
0.57266
0.32913
-0.09743
-0.35517
-0.90964
-0.87323
-0.74458
-0.63507
-0.59621
-0.61735
-0.48037
-0.48563
-0.44074
-0.3538
-0.41652
-0.56809
-0.46691
-0.45206
-0.45206
-0.44535
-0.42212
-0.41315
-0.40984
-0.4434
-0.41954
-0.49268
-0.5805
-0.56628
-0.7237
-0.80321
-0.61431
-0.36647
0.099969
0.35633
0.73758
-0.16359
-0.44161
-0.82669
-0.83146
-0.81231
-0.61784
-0.55246
-0.5895
-0.52543
-0.47299
-0.42695
-0.47576
-0.46062
-0.61348
-0.48261
-0.45206
-0.45206
-0.4808
-0.4279
-0.48889
-0.43325
-0.48589
-0.35148
-0.46887
-0.47677
-0.60702
-0.70433
-0.91528
-0.62315
-0.51449
0.022496
0.50836
0.42319
-0.080117
-0.33544
-0.62628
-0.90602
-0.81979
-0.60175
-0.68369
-0.58909
-0.48982
-0.40907
-0.3432
-0.41655
-0.52356
-0.54483
-0.41133
-0.45206
-0.45206
-0.39095
-0.4327
-0.48567
-0.40706
-0.43831
-0.37465
-0.54364
-0.65389
-0.59327
-0.73619
-0.84074
-0.78923
-0.56493
-0.24723
0.52157
0.71828
-0.072879
-0.37303
-0.70496
-0.68692
-0.88965
-0.61032
-0.55634
-0.49867
-0.45822
-0.45697
-0.40521
-0.51296
-0.57822
-0.48088
-0.49565
-0.45206
-0.45206
-0.41412
-0.40624
-0.38406
-0.55613
-0.29461
-0.38868
-0.4696
-0.38692
-0.69458
-0.70075
-0.8521
-0.80448
-0.43175
-0.13436
0.429
1
0.12033
-0.29125
-0.73344
-1
-0.75548
-0.80443
-0.65411
-0.58584
-0.51163
-0.58979
-0.36164
-0.49683
-0.41897
-0.51641
-0.47308
-0.45206
-0.45206
-0.41821
-0.38017
-0.38194
-0.53157
-0.43376
-0.53312
-0.55175
-0.52912
-0.53135
-0.66308
-0.78658
-0.76656
-0.63064
-0.3075
0.17009
1
0.23871
-0.39343
-0.70268
-0.76768
-0.80501
-0.71552
-0.71917
-0.55165
-0.45103
-0.43374
-0.33841
-0.49377
-0.46062
-0.40345
-0.48768
-0.45206
-0.45206
-0.36178
-0.37287
-0.36876
-0.45221
-0.43486
-0.45523
-0.43071
-0.72203
-0.55897
-0.73315
-0.84248
-0.65588
-0.56478
-0.37516
-0.044963
0.99531
0.54696
-0.16724
-0.74925
-0.68803
-0.82779
-0.91863
-0.60644
-0.50148
-0.52556
-0.35575
-0.45602
-0.52343
-0.49162
-0.37707
-0.47634
-0.45206
-0.45206
-0.3896
-0.4076
-0.3297
-0.31992
-0.38675
-0.5478
-0.42439
-0.50119
-0.65533
-0.53077
-0.78001
-0.76329
-0.55967
-0.32197
-0.021884
0.57706
0.51948
-0.077948
-0.54065
-0.82692
-0.96126
-0.65406
-0.76598
-0.55731
-0.50254
-0.39488
-0.44223
-0.48757
-0.41076
-0.55012
-0.49993
-0.45206
-0.45206
-0.4103
-0.44886
-0.36926
-0.42815
-0.47129
-0.45536
-0.42429
-0.62615
-0.63991
-0.57681
-0.70543
-0.74141
-0.63694
-0.33703
-0.091043
0.64327
0.5948
0.081161
-0.32502
-0.72415
-0.75446
-0.89699
-0.7293
-0.6777
-0.50477
-0.38036
-0.43116
-0.47786
-0.40125
-0.44419
-0.44599
-0.45206
-0.45206
-0.42257
-0.43771
-0.49066
-0.47323
-0.36967
-0.40839
-0.51857
-0.5556
-0.55183
-0.59023
-0.56523
-0.69959
-0.49413
-0.43746
-0.20111
0.28043
0.32851
0.092526
-0.23457
-0.61693
-0.78349
-0.71806
-0.76828
-0.59344
-0.47964
-0.39607
-0.37261
-0.55005
-0.33803
-0.5326
-0.49204
-0.45206
-0.45206
-0.50575
-0.44907
-0.46106
-0.50275
-0.471
-0.41798
-0.4354
-0.48567
-0.46064
-0.63032
-0.70338
-0.63039
-0.69056
-0.56726
-0.1451
-0.11084
0.24749
0.015387
-0.17745
-0.36274
-0.78744
-0.85173
-0.7226
-0.59426
-0.57462
-0.40128
-0.25187
-0.54575
-0.37163
-0.48071
-0.44443
-0.45206
-0.45206
-0.41233
-0.43937
-0.3807
-0.43934
-0.46419
-0.3825
-0.42136
-0.47291
-0.58312
-0.55829
-0.59309
-0.82326
-0.6032
-0.49714
-0.3424
-0.2646
-0.056104
0.10255
-0.017422
-0.21895
-0.6242
-0.66551
-0.69754
-0.56743
-0.40414
-0.377
-0.42693
-0.41005
-0.47658
-0.43615
-0.50159
-0.45206
-0.45206
-0.4271
-0.44
-0.41388
-0.29958
-0.41205
-0.39738
-0.40792
-0.49023
-0.38164
-0.60384
-0.49983
-0.53679
-0.68131
-0.57112
-0.58536
-0.35958
-0.18816
0.13089
0.051177
-0.27249
-0.5689
-0.54536
-0.56914
-0.48298
-0.52009
-0.41063
-0.37404
-0.43996
-0.45103
-0.40674
-0.42582
-0.45206
-0.45206
-0.45903
-0.47636
-0.33911
-0.41567
-0.43164
-0.45875
-0.44144
-0.41657
-0.44445
-0.58455
-0.68009
-0.59126
-0.62145
-0.33902
-0.43576
-0.29691
-0.31628
-0.17455
-0.069395
-0.33099
-0.41472
-0.48031
-0.51121
-0.53949
-0.52642
-0.3849
-0.44733
-0.40257
-0.45558
-0.42441
-0.40191
-0.45206
-0.45206
-0.44756
-0.41437
-0.44108
-0.36742
-0.44604
-0.48357
-0.4344
-0.43182
-0.49329
-0.53823
-0.63085
-0.46099
-0.60033
-0.55916
-0.42104
-0.49833
-0.34395
-0.12204
-0.11223
-0.34139
-0.38688
-0.55223
-0.65875
-0.4652
-0.35891
-0.50744
-0.39347
-0.49875
-0.43374
-0.37702
-0.49661
-0.45206
-0.45206
-0.43825
-0.46716
-0.4727
-0.38719
-0.39129
-0.45393
-0.44851
-0.46033
-0.44193
-0.45392
-0.58648
-0.4963
-0.56032
-0.47723
-0.61389
-0.40815
-0.36736
-0.26269
-0.1468
-0.24368
-0.44473
-0.33481
-0.44528
-0.58558
-0.55938
-0.48414
-0.42818
-0.40349
-0.41886
-0.42008
-0.41717
-0.45206
-0.45206
-0.4763
-0.51295
-0.47503
-0.46131
-0.41601
-0.41789
-0.44486
-0.45108
-0.45535
-0.39677
-0.51361
-0.53674
-0.57829
-0.4666
-0.59132
-0.52402
-0.54361
-0.23333
-0.15382
-0.31823
-0.39697
-0.57038
-0.5978
-0.5686
-0.38785
-0.33404
-0.55027
-0.36875
-0.37336
-0.3266
-0.4314
-0.45206
-0.45206
-0.4169
-0.46324
-0.48821
-0.39807
-0.45352
-0.43925
-0.44665
-0.44898
-0.42834
-0.41488
-0.42134
-0.70449
-0.43807
-0.40586
-0.44251
-0.4136
-0.39079
-0.40348
-0.42676
-0.32883
-0.49672
-0.47018
-0.44324
-0.44151
-0.50144
-0.55372
-0.4419
-0.40211
-0.43302
-0.25642
-0.38616
-0.45206
-0.45206
-0.4459
-0.49275
-0.45206
-0.47678
-0.45139
-0.39159
-0.39907
-0.42752
-0.38153
-0.42937
-0.44678
-0.48194
-0.46321
-0.49069
-0.55619
-0.56875
-0.47868
-0.4276
-0.39084
-0.34134
-0.49645
-0.40895
-0.54182
-0.56042
-0.51616
-0.49923
-0.4105
-0.3939
-0.39811
-0.40893
-0.40614
-0.45206
-0.45206
-0.45206
-0.45121
-0.45042
-0.45206
-0.43641
-0.43973
-0.50114
-0.46293
-0.46231
-0.37384
-0.36143
-0.41163
-0.4561
-0.45699
-0.57288
-0.46486
-0.37212
-0.50817
-0.274
-0.44529
-0.40605
-0.42907
-0.515
-0.51893
-0.5756
-0.50294
-0.37471
-0.36179
-0.39019
-0.36144
-0.40541
-0.45206
-0.45206
-0.45206
-0.43851
-0.45206
-0.45206
-0.45206
-0.45206
-0.45052
-0.45531
-0.46724
-0.41208
-0.4931
-0.42634
-0.46919
-0.50293
-0.47331
-0.48825
-0.42023
-0.47743
-0.4406
-0.31505
-0.26573
-0.46965
-0.39861
-0.50799
-0.39705
-0.54978
-0.52428
-0.41265
-0.40508
-0.31191
-0.37495
-0.45206
-0.45206
-0.45206
-0.45206
-0.45206
-0.45206
-0.45206
-0.45206
-0.45206
-0.45206
-0.45206
-0.45206
-0.45206
-0.45206
-0.45206
-0.45206
-0.45206
-0.45206
-0.45206
-0.45206
-0.45206
-0.45206
-0.45206
-0.45206
-0.45206
-0.45206
-0.45206
-0.45206
-0.45206
-0.45206
-0.45206
-0.45206
-0.45206
-0.45206
