-0.65436
-0.65436
-0.65436
-0.65436
-0.65436
-0.65436
-0.65436
-0.65436
-0.65436
-0.65436
-0.65436
-0.65436
-0.65436
-0.65436
-0.65436
-0.65436
-0.65436
-0.65436
-0.65436
-0.65436
-0.65436
-0.65436
-0.65436
-0.65436
-0.65436
-0.65436
-0.65436
-0.65436
-0.65436
-0.65436
-0.65436
-0.65436
-0.65436
-0.65436
-0.68775
-0.69042
-0.70732
-0.65443
-0.64077
-0.65436
-0.65436
-0.65534
-0.66486
-0.6283
-0.63274
-0.64884
-0.6853
-0.63997
-0.65436
-0.65436
-0.65436
-0.6736
-0.67659
-0.65529
-0.64921
-0.65436
-0.65467
-0.65436
-0.65436
-0.65436
-0.65436
-0.65436
-0.65336
-0.64708
-0.65573
-0.65436
-0.65436
-0.7148
-0.68733
-0.62243
-0.59648
-0.67152
-0.64202
-0.66151
-0.63275
-0.65072
-0.65003
-0.66261
-0.66951
-0.64363
-0.68941
-0.66749
-0.67189
-0.65522
-0.65274
-0.66622
-0.68277
-0.6854
-0.62906
-0.65521
-0.65436
-0.62754
-0.64651
-0.61476
-0.58038
-0.56278
-0.5747
-0.63352
-0.65436
-0.65436
-0.69663
-0.64566
-0.61065
-0.63457
-0.60949
-0.63673
-0.64999
-0.66111
-0.67259
-0.71396
-0.67246
-0.68865
-0.62181
-0.63351
-0.68441
-0.65496
-0.6378
-0.67486
-0.68087
-0.64239
-0.63314
-0.63681
-0.63398
-0.63725
-0.61067
-0.58829
-0.62236
-0.61661
-0.62097
-0.65149
-0.63233
-0.65436
-0.65436
-0.62311
-0.62998
-0.5945
-0.64527
-0.65279
-0.67091
-0.67621
-0.66852
-0.6506
-0.68217
-0.68652
-0.71468
-0.66502
-0.68402
-0.69597
-0.72023
-0.68429
-0.67664
-0.70618
-0.65436
-0.64372
-0.63542
-0.63632
-0.62189
-0.61075
-0.61312
-0.58997
-0.55117
-0.59474
-0.64316
-0.65236
-0.65436
-0.65436
-0.67413
-0.6319
-0.64764
-0.66784
-0.66628
-0.70242
-0.70041
-0.65655
-0.66245
-0.62389
-0.72049
-0.75145
-0.69735
-0.75285
-0.7506
-0.68476
-0.74977
-0.69047
-0.62177
-0.64897
-0.59408
-0.59731
-0.56607
-0.57537
-0.51244
-0.37898
-0.46688
-0.43778
-0.49352
-0.60542
-0.62808
-0.65436
-0.65436
-0.6048
-0.64595
-0.69931
-0.6623
-0.72134
-0.70929
-0.65085
-0.8001
-0.70861
-0.72442
-0.81268
-0.78558
-0.73855
-0.76955
-0.70567
-0.70946
-0.60372
-0.58526
-0.67813
-0.60208
-0.61832
-0.5673
-0.55921
-0.49486
-0.30096
-0.36502
-0.36775
-0.34161
-0.38907
-0.46834
-0.50561
-0.65436
-0.65436
-0.6861
-0.66321
-0.72505
-0.72237
-0.73379
-0.75836
-0.68673
-0.6892
-0.81785
-0.7224
-0.78997
-0.82202
-0.84347
-0.76299
-0.70187
-0.62605
-0.62445
-0.65599
-0.52519
-0.51095
-0.43905
-0.44139
-0.41077
-0.26886
-0.3547
-0.3163
-0.44544
-0.43094
-0.53249
-0.5641
-0.51064
-0.65436
-0.65436
-0.59342
-0.62978
-0.71255
-0.70663
-0.62681
-0.60472
-0.68855
-0.76594
-0.80023
-0.86419
-0.80323
-0.88304
-0.79764
-0.69931
-0.66191
-0.59864
-0.61166
-0.55987
-0.47491
-0.43129
-0.34635
-0.1971
-0.22839
-0.27933
-0.38307
-0.53745
-0.41886
-0.47341
-0.5648
-0.45484
-0.56393
-0.65436
-0.65436
-0.7402
-0.72385
-0.68834
-0.64136
-0.7
-0.7142
-0.76166
-0.7929
-0.89163
-0.77363
-0.84644
-0.80362
-0.72043
-0.60356
-0.66969
-0.65683
-0.68227
-0.44452
-0.32869
-0.28017
-0.19785
-0.18451
-0.44321
-0.35277
-0.19338
-0.39973
-0.32786
-0.59134
-0.49411
-0.5495
-0.55987
-0.65436
-0.65436
-0.68097
-0.64977
-0.68516
-0.77058
-0.82532
-0.82583
-0.73894
-0.84616
-0.682
-0.74723
-0.71975
-0.66368
-0.72002
-0.71402
-0.6885
-0.50374
-0.41165
-0.26356
-0.10835
-0.039375
-0.19298
-0.30936
-0.38688
-0.32418
-0.46176
-0.44478
-0.54867
-0.39919
-0.57611
-0.44517
-0.558
-0.65436
-0.65436
-0.6671
-0.71071
-0.73859
-0.75805
-0.78622
-0.73382
-0.80601
-0.84393
-0.7812
-0.8173
-0.74377
-0.65973
-0.63243
-0.61284
-0.47881
-0.44102
-0.14832
-0.12743
0.063358
-0.074745
-0.17554
-0.34808
-0.38509
-0.27003
-0.35595
-0.44833
-0.33662
-0.4788
-0.67248
-0.69454
-0.55586
-0.65436
-0.65436
-0.76571
-0.76596
-0.72506
-0.65333
-0.6939
-0.60065
-0.79381
-0.78216
-0.66185
-0.7341
-0.63904
-0.75814
-0.5855
-0.37093
-0.45092
-0.24356
0.020025
0.11189
-0.0015813
-0.046884
-0.23864
-0.35403
-0.51953
-0.47814
-0.43903
-0.58208
-0.61296
-0.70084
-0.57236
-0.72925
-0.51915
-0.65436
-0.65436
-0.80178
-0.69381
-0.7038
-0.73097
-0.58748
-0.82589
-1
-0.8638
-0.7168
-0.65348
-0.59276
-0.65754
-0.5892
-0.4723
-0.38357
-0.063071
0.14839
0.31185
-0.096482
-0.42327
-0.4384
-0.32779
-0.592
-0.60343
-0.4396
-0.56603
-0.63414
-0.66478
-0.66883
-0.81554
-0.68003
-0.65436
-0.65436
-0.72302
-0.62249
-0.62479
-0.7196
-0.68542
-0.73391
-0.92367
-0.85641
-0.5808
-0.73297
-0.54553
-0.44577
-0.51509
-0.44957
-0.26662
0.12915
0.44611
0.27266
-0.28866
-0.4404
-0.54916
-0.65976
-0.67237
-0.6121
-0.57782
-0.6518
-0.54523
-0.62333
-0.71636
-0.6611
-0.71226
-0.65436
-0.65436
-0.62367
-0.69137
-0.68565
-0.6492
-0.72389
-0.76108
-0.83452
-0.76286
-0.65368
-0.65209
-0.726
-0.62214
-0.55665
-0.31831
0.23995
0.66903
0.52958
-0.10569
-0.39892
-0.5924
-0.70485
-0.79339
-0.66062
-0.51343
-0.49131
-0.65372
-0.52101
-0.61185
-0.65693
-0.72499
-0.60814
-0.65436
-0.65436
-0.54323
-0.58107
-0.68005
-0.6451
-0.75736
-0.74856
-0.88795
-0.66074
-0.70788
-0.74917
-0.7223
-0.72844
-0.48485
-0.19848
0.52402
1
0.25391
-0.29902
-0.60294
-0.67075
-0.68098
-0.66686
-0.63432
-0.51467
-0.63321
-0.77634
-0.69207
-0.77872
-0.55033
-0.6206
-0.66397
-0.65436
-0.65436
-0.67805
-0.6511
-0.62489
-0.60806
-0.76516
-0.74967
-0.83878
-0.68578
-0.69724
-0.76397
-0.74284
-0.5861
-0.31073
-0.063856
0.47644
1
0.16355
-0.34664
-0.43122
-0.68351
-0.57958
-0.55634
-0.66649
-0.61267
-0.85063
-0.74132
-0.70832
-0.67382
-0.59708
-0.62995
-0.4652
-0.65436
-0.65436
-0.67018
-0.6161
-0.54842
-0.72121
-0.742
-0.90488
-0.75597
-0.59993
-0.50632
-0.60361
-0.67478
-0.53677
-0.40351
0.079481
0.45409
0.51447
-0.044352
-0.45817
-0.46529
-0.6258
-0.56853
-0.66519
-0.59708
-0.7345
-0.77073
-0.71145
-0.71998
-0.66503
-0.59446
-0.63078
-0.62149
-0.65436
-0.65436
-0.62867
-0.69156
-0.69489
-0.78127
-0.60854
-0.71266
-0.57067
-0.65313
-0.59002
-0.73381
-0.72924
-0.53541
-0.40953
0.059178
0.4799
0.26091
-0.41299
-0.37404
-0.49599
-0.561
-0.70307
-0.67467
-0.6671
-0.63254
-0.62218
-0.66623
-0.67278
-0.76866
-0.66953
-0.55905
-0.59298
-0.65436
-0.65436
-0.70388
-0.5895
-0.83758
-0.80638
-0.68057
-0.75624
-0.69434
-0.63933
-0.51767
-0.63432
-0.6508
-0.34188
-0.13155
0.16657
0.44267
0.21735
-0.19964
-0.61873
-0.56525
-0.62765
-0.54596
-0.75715
-0.7625
-0.70899
-0.80612
-0.76395
-0.74815
-0.64846
-0.58267
-0.59893
-0.56849
-0.65436
-0.65436
-0.59225
-0.61265
-0.73292
-0.73161
-0.60272
-0.74001
-0.72845
-0.66759
-0.69871
-0.55307
-0.5733
-0.48855
-0.13806
0.11929
0.23265
0.097491
-0.21008
-0.33416
-0.33931
-0.41201
-0.63502
-0.7911
-0.7481
-0.77493
-0.70926
-0.69244
-0.6771
-0.7942
-0.59426
-0.6301
-0.55583
-0.65436
-0.65436
-0.65485
-0.58042
-0.8298
-0.63683
-0.71154
-0.66703
-0.7167
-0.68537
-0.62134
-0.61674
-0.60075
-0.34761
-0.23125
0.070696
0.069936
0.14257
-0.22659
-0.44221
-0.41292
-0.44894
-0.69269
-0.75453
-0.74593
-0.73394
-0.69376
-0.78444
-0.73274
-0.71199
-0.61879
-0.5968
-0.75398
-0.65436
-0.65436
-0.63495
-0.67316
-0.72091
-0.80033
-0.71618
-0.7265
-0.69787
-0.73396
-0.67664
-0.67105
-0.67471
-0.46057
-0.25873
-0.081419
-0.043717
-0.12369
-0.55423
-0.4326
-0.51004
-0.55084
-0.67462
-0.78656
-0.59664
-0.671
-0.6913
-0.73832
-0.67489
-0.7121
-0.56063
-0.58911
-0.55061
-0.65436
-0.65436
-0.66776
-0.69377
-0.66014
-0.74165
-0.69391
-0.74609
-0.73118
-0.72883
-0.58067
-0.63734
-0.60239
-0.46285
-0.34147
-0.16272
-0.039245
-0.14748
-0.10719
-0.46087
-0.51353
-0.49358
-0.58524
-0.68734
-0.73624
-0.6458
-0.71077
-0.69857
-0.68128
-0.69791
-0.59808
-0.56134
-0.56194
-0.65436
-0.65436
-0.62169
-0.72272
-0.66708
-0.65758
-0.62833
-0.60253
-0.67879
-0.64556
-0.71232
-0.68773
-0.57817
-0.45855
-0.45539
-0.23138
-0.19319
-0.13574
-0.26496
-0.52979
-0.48757
-0.56383
-0.64626
-0.74998
-0.72217
-0.55192
-0.67466
-0.63088
-0.67153
-0.65147
-0.69118
-0.67856
-0.61049
-0.65436
-0.65436
-0.7185
-0.65142
-0.6959
-0.72254
-0.70022
-0.67358
-0.77523
-0.74186
-0.61519
-0.67835
-0.63029
-0.5814
-0.43116
-0.47711
-0.27348
-0.59296
-0.69724
-0.64371
-0.53696
-0.4086
-0.53199
-0.70124
-0.68873
-0.62176
-0.65469
-0.63169
-0.54682
-0.55204
-0.61691
-0.58034
-0.56654
-0.65436
-0.65436
-0.72177
-0.68197
-0.74155
-0.75222
-0.76908
-0.59428
-0.75131
-0.85556
-0.75145
-0.63853
-0.63517
-0.66735
-0.46042
-0.47193
-0.4631
-0.7513
-0.79416
-0.60801
-0.48526
-0.51169
-0.46045
-0.62214
-0.68826
-0.59354
-0.61637
-0.57098
-0.62353
-0.58941
-0.61204
-0.53182
-0.45992
-0.65436
-0.65436
-0.73726
-0.77651
-0.72428
-0.58567
-0.61485
-0.66908
-0.61672
-0.81838
-0.84279
-0.69665
-0.7238
-0.64417
-0.5666
-0.45028
-0.57973
-0.85893
-0.70885
-0.6856
-0.42376
-0.53837
-0.52967
-0.63972
-0.68159
-0.50587
-0.49747
-0.59371
-0.56077
-0.58699
-0.61025
-0.63818
-0.64702
-0.65436
-0.65436
-0.71781
-0.75715
-0.66559
-0.74036
-0.66217
-0.7493
-0.7063
-0.80834
-0.84833
-0.8273
-0.65807
-0.72556
-0.64056
-0.60167
-0.73041
-0.67158
-0.65705
-0.69699
-0.41686
-0.42391
-0.45031
-0.65277
-0.73382
-0.65455
-0.63733
-0.57099
-0.60794
-0.60525
-0.53155
-0.60576
-0.60182
-0.65436
-0.65436
-0.63683
-0.71412
-0.72491
-0.69104
-0.70801
-0.7758
-0.69669
-0.63634
-0.74091
-0.90239
-0.79503
-0.76428
-0.65851
-0.59411
-0.58928
-0.73831
-0.76705
-0.61042
-0.48979
-0.37997
-0.51775
-0.64602
-0.67148
-0.70089
-0.53488
-0.52491
-0.59609
-0.61264
-0.55619
-0.52531
-0.5498
-0.65436
-0.65436
-0.72052
-0.74531
-0.8051
-0.76452
-0.73913
-0.80588
-0.80438
-0.69997
-0.67742
-0.73717
-0.8622
-0.64931
-0.70008
-0.62143
-0.56347
-0.59826
-0.56177
-0.63786
-0.32309
-0.33676
-0.37524
-0.63115
-0.67251
-0.67837
-0.62034
-0.53325
-0.58616
-0.41033
-0.50166
-0.5237
-0.6185
-0.65436
-0.65436
-0.65436
-0.65436
-0.65436
-0.65436
-0.65436
-0.65436
-0.65436
-0.65436
-0.65436
-0.65436
-0.65436
-0.65436
-0.65436
-0.65436
-0.65436
-0.65436
-0.65436
-0.65436
-0.65436
-0.65436
-0.65436
-0.65436
-0.65436
-0.65436
-0.65436
-0.65436
-0.65436
-0.65436
-0.65436
-0.65436
-0.65436
-0.65436
