14.094309 5.8816 1.0 1.0 1.0 0.0
18.649682 15.490177 11.452795 9.376501 8.172643 4.92
8.631221 11.879301 13.81633 6.240648 3.468165 2.0
14.344301 7.050661 8.878982 5.527508 4.351365 4.655683
7.965261 7.753049 8.068241 12.674516 2.342894 3.925226
12.109761 17.020395 6.799543 13.263215 4.268502 3.0
0.0 1.0 5.957217 8.520743 2.0 2.0
4.61096 2.846512 11.277942 16.106798 6.080167 11.185658
0.8816 0.0 10.335635 14.164491 5.13786 11.243351
0.8816 0.0 6.118519 12.982764 4.071397 8.946235
2.0 2.0 5.342463 11.72377 2.948541 5.664694
2.0 2.0 5.342463 11.72377 2.948541 5.664694
2.0 2.0 5.342463 11.72377 2.948541 5.664694
2.0 2.0 5.342463 11.72377 2.948541 5.664694
3.6448 4.7632 3.2199 6.751289 3.710177 3.0
5.271799 1.8816 9.237266 4.535683 7.097715 2.0
5.271799 1.8816 9.237266 4.535683 7.097715 2.0
5.100927 3.0 6.987775 5.587919 6.893807 0.0
0.0 0.0 5.422542 1.482344 1.444402 1.8816
0.0 0.0 5.422542 1.482344 1.444402 1.8816
1.0 3.0 6.240904 4.42305 3.417526 3.846336
1.0 3.0 6.240904 4.42305 3.417526 3.846336
1.0 3.0 6.240904 4.42305 3.417526 3.846336
5.92 2.96 12.153223 7.085652 4.92 4.92
8.607936 4.8816 9.31832 8.6048 5.7632 5.8416
4.256949 4.357391 4.0 7.8816 4.8816 2.0
4.256949 4.357391 4.0 7.8816 4.8816 2.0
3.654083 5.223096 5.92 10.726336 6.766336 4.0
4.661583 5.014172 4.7632 5.497283 2.615683 1.0
4.661583 5.014172 4.7632 5.497283 2.615683 1.0
7.51512 4.813605 5.615683 7.197391 4.511055 3.0
4.0 2.0 10.330514 5.726336 3.0 6.19024
4.0 2.0 10.330514 5.726336 3.0 6.19024
3.0 2.0 12.330514 4.655683 3.0 8.19024
5.5264 4.846336 13.36991 8.458883 3.8816 4.7632
1.0 1.846336 8.323074 3.695683 4.846336 4.0
1.0 1.846336 8.323074 3.695683 4.846336 4.0
1.0 1.846336 8.323074 3.695683 4.846336 4.0
3.0 1.0 11.936497 4.726336 2.846336 1.96
6.88 3.96 11.39441 6.0 4.0 2.0
6.88 3.96 11.39441 6.0 4.0 2.0
6.88 3.96 11.39441 6.0 4.0 2.0
5.766336 3.96 8.023221 4.766336 3.766336 2.7632
4.766336 2.8816 9.023221 4.766336 2.766336 2.7632
4.766336 2.8816 8.141621 4.766336 2.766336 2.7632
3.601141 2.7632 9.180608 6.532672 3.0 2.8816
3.601141 2.7632 9.180608 6.532672 3.0 2.8816
3.601141 2.7632 10.180608 7.532672 3.0 2.8816
4.96 2.0 7.325941 5.287541 4.7632 2.0
2.8816 2.0 6.444341 6.266567 4.7632 2.0
2.8816 2.0 6.444341 6.266567 4.7632 2.0
2.8816 2.0 6.444341 6.266567 4.7632 2.0
2.8816 2.0 6.444341 6.266567 4.7632 2.0
2.8816 2.0 6.444341 6.266567 4.7632 2.0
2.8816 2.0 6.444341 6.266567 4.7632 2.0
2.8816 2.0 6.444341 6.266567 4.7632 2.0
2.8816 2.0 6.444341 6.266567 4.7632 2.0
2.8816 2.0 6.444341 6.266567 4.7632 2.0
2.8816 2.0 6.444341 6.266567 4.7632 2.0
2.8816 2.0 6.444341 6.266567 4.7632 2.0
2.8816 2.0 6.444341 6.266567 4.7632 2.0
2.8816 2.0 6.444341 6.266567 4.7632 2.0
0.0 0.0 8.365941 5.324833 4.8816 3.0
0.0 1.0 8.325941 3.8816 4.8816 2.0
0.0 1.0 8.325941 3.8816 4.8816 2.0
0.0 1.0 8.325941 3.8816 4.8816 2.0
0.0 0.0 6.132277 5.8416 4.8816 2.0
0.0 0.0 6.132277 5.8416 4.8816 2.0
0.0 0.0 6.132277 5.8416 4.8816 2.0
0.0 0.0 6.132277 5.8416 4.8816 2.0
0.0 0.0 6.132277 5.8416 4.8816 2.0
0.0 0.0 6.132277 5.8416 4.8816 2.0
0.0 0.0 8.02636 4.7632 4.8816 1.0
0.0 0.0 8.02636 4.7632 4.8816 1.0
1.0 0.0 8.02636 3.7632 4.8816 1.0
4.0 1.0 10.745305 4.96 3.766336 3.0
6.88 1.96 10.395493 4.8416 1.695683 2.0
3.6448 3.8816 8.59417 5.8416 2.96 0.0
3.6448 3.8816 8.59417 5.8416 2.96 0.0
3.6448 3.8816 8.59417 5.8416 2.96 0.0
3.6448 3.8816 8.59417 5.8416 2.96 0.0
7.6448 6.8816 9.59417 7.8016 3.96 0.0
4.274799 0.0 6.8416 3.7632 1.8816 5.7232
5.615683 2.0 7.687936 4.846336 3.0 3.8816
8.988233 3.423367 7.92 7.213813 2.96 4.96
3.245552 0.0 5.529536 3.917178 1.0 3.7632
3.203196 0.0 3.654083 0.8816 1.0 3.8816
2.0 2.0 3.0 1.0 2.96 2.96
2.0 2.0 3.0 1.0 2.96 2.96
3.0 1.96 5.0 3.0 3.8816 4.8816
1.391365 0.695683 4.327602 8.745244 4.471055 4.766336
3.0 3.0 6.8816 8.098549 5.332213 3.431055
2.667855 2.0 3.96 3.80954 3.511055 1.0
1.601141 1.0 5.96 2.450613 1.450613 2.0
1.601141 1.0 5.96 2.450613 1.450613 2.0
1.601141 1.0 5.96 2.450613 1.450613 2.0
1.601141 1.0 5.96 2.450613 1.450613 2.0
1.601141 1.0 5.96 2.450613 1.450613 2.0
2.474012 1.96 5.8816 2.432589 1.432589 2.0
1.96 1.96 4.8816 2.432589 1.432589 2.0
3.8816 3.8816 4.766336 4.335285 3.375285 2.96
3.0 3.0 4.655683 10.6832 4.8416 2.8816
3.0 3.0 4.655683 10.6832 4.8416 2.8816
3.0 3.0 4.655683 10.6832 4.8416 2.8816
3.0 2.0 5.549455 10.491136 4.806336 3.846336
3.0 2.0 5.549455 10.491136 4.806336 3.846336
3.96 2.0 6.407477 8.420419 5.732483 6.732483
5.8816 4.0 7.535683 7.343619 6.7616 4.503183
2.8816 1.0 4.661583 4.766336 4.6048 1.47672
4.766336 3.96 3.8816 6.615683 3.8816 0.0
4.766336 3.96 3.8816 6.615683 2.8816 0.0
9.306655 6.18995 6.790692 4.836136 3.8816 5.0
7.172789 4.297552 13.254747 5.458373 1.0 1.96
7.172789 4.297552 13.254747 5.458373 1.0 1.96
4.925877 1.24565 10.049582 5.68429 2.0 3.96
2.768842 1.0 8.856497 2.80269 1.0 3.96
2.768842 1.0 8.345442 2.80269 1.0 2.96
2.768842 1.0 8.345442 2.80269 1.0 2.96
4.698088 4.0 6.171624 1.730583 2.0 3.8416
5.191762 4.92 6.27817 4.0 3.0 5.727936
0.876135 1.0 8.309934 5.522334 3.985106 3.239535
0.876135 1.0 8.309934 5.522334 3.985106 3.239535
0.876135 1.0 9.770146 3.467923 1.96 2.239535
0.876135 1.0 11.525504 4.162061 2.96 1.239535
0.876135 1.0 11.525504 4.162061 2.96 1.239535
5.569046 3.92 10.077794 5.869419 2.96 2.0
4.7632 4.7632 8.714682 5.788306 4.8416 2.96
4.7632 4.7632 8.714682 5.788306 4.8416 2.96
7.504965 4.544965 12.364886 6.497283 2.0 1.96
9.943774 4.932092 16.780409 6.137715 0.0 0.0
9.943774 4.932092 12.60181 3.296115 0.0 0.0
9.943774 4.932092 12.60181 3.296115 0.0 0.0
8.943774 4.932092 13.431954 3.296115 0.0 0.0
8.943774 4.932092 13.431954 3.296115 0.0 0.0
5.887193 1.850072 11.804588 2.357935 0.0 1.0
5.887193 1.850072 11.804588 2.357935 0.0 1.0
3.815134 0.0 11.223242 6.77556 4.577283 7.6448
6.702529 0.0 10.35086 2.516779 1.993512 1.846336
2.514428 0.0 9.056826 3.416108 2.772483 3.772483
2.514428 0.0 7.96369 1.362037 0.772483 1.772483
2.514428 0.0 7.650026 1.064333 0.772483 1.772483
2.514428 0.0 8.464108 1.064333 0.772483 2.772483
6.41385 4.0 9.98363 4.021759 4.0 5.8416
6.41385 4.0 9.98363 4.021759 4.0 5.8416
6.41385 4.0 9.98363 4.021759 4.0 5.8416
8.674628 5.0 10.702718 5.96 3.96 2.741583
8.674628 5.0 10.584318 3.96 1.8816 0.67192
8.674628 5.0 10.584318 3.96 1.8816 0.67192
8.674628 5.0 10.584318 3.96 1.8816 0.67192
8.674628 5.0 10.584318 3.96 1.8816 0.67192
8.674628 5.0 9.702718 3.96 1.0 0.0
8.674628 5.0 9.702718 3.96 1.0 0.0
8.674628 5.0 9.702718 3.96 1.0 0.0
12.432769 7.88 6.473009 2.8416 4.0 2.0
6.521141 3.655683 7.84 14.462159 7.724111 6.352589
9.123548 5.726336 3.766336 11.351374 3.766336 8.532672
33.096544 17.219213 11.521806 12.299008 8.686336 7.538819
0.695683 0.0 4.154122 0.0 0.0 0.0
0.695683 0.0 3.154122 0.0 0.0 0.0
0.695683 0.0 3.154122 0.0 0.0 0.0
0.695683 0.0 3.154122 0.0 0.0 0.0
0.695683 0.0 3.154122 0.0 0.0 0.0
0.695683 0.0 3.154122 0.0 0.0 0.0
0.695683 0.0 3.154122 0.0 0.0 0.0
9.427919 4.0 3.405941 0.695683 1.0 1.0
7.020944 3.665192 3.694952 0.0 1.0 0.0
8.86568 3.741583 6.670907 4.0 3.0 1.0
7.309765 3.0 6.551898 0.0 0.0 0.0
6.263617 4.958532 4.468165 2.8816 1.0 1.96
9.919608 5.06316 5.870376 3.732483 2.96 3.0
6.778081 3.06975 5.846336 4.0 2.96 2.0
7.726336 2.96 5.462019 0.0 0.0 0.0
8.213813 2.0 6.931419 0.0 1.0 0.0
7.965261 2.0 3.727936 0.0 1.0 0.0
6.925261 2.96 2.727936 0.0 0.0 0.0
16.129142 3.437212 11.059729 14.377009 3.754823 7.657682
3.8816 7.7616 2.615683 1.694538 2.96 1.846336
2.846336 2.0 1.695683 0.0 0.0 1.96
2.96 3.766336 8.460419 2.732483 3.732483 1.96
7.84 3.92 19.898015 5.8016 3.8416 4.726336
8.305344 4.692672 23.513773 9.532672 7.614083 10.374272
8.908259 1.846336 7.379184 3.766336 1.96 4.766336
3.967145 0.0 5.143221 2.0 1.0 3.0
4.95455 1.0 1.653323 0.0 0.0 2.0
6.682486 1.0 1.0 0.0 0.0 1.0
3.0 4.0 3.8816 4.0 2.0 0.0
1.96 0.0 6.692483 3.212406 2.0 0.0
4.96 4.0 3.7632 2.0 2.0 1.0
12.037701 5.157701 4.726336 0.772483 2.96 0.0
10.510471 6.220363 3.0 7.007824 3.846336 4.695683
1.0 3.96 13.573984 11.386565 5.655683 9.414272
10.7232 3.0 13.997242 5.00775 2.96 2.0
4.547855 0.0 16.836216 11.551626 6.260726 4.0
1.846336 1.741583 14.755088 9.439986 3.391301 2.618819
8.417969 2.8816 16.571879 7.535136 1.695683 5.687936
5.464642 0.0 20.093763 5.615683 4.654083 2.577283
9.645761 8.311365 9.976804 5.326002 5.0 1.695683
12.846639 3.0 8.192165 12.041325 2.772483 6.766336
3.366792 3.0 5.785237 3.0 2.0 2.039884
8.017122 4.0 5.96 3.0 4.0 4.105874
8.320144 1.0 4.587855 4.8816 3.0 4.0
5.217534 1.0 4.529536 3.647936 1.8816 0.0
6.531328 8.036408 5.7632 8.431055 7.386383 6.195789
11.085111 11.85421 9.614035 11.763642 5.298313 5.497095
4.806336 1.0 10.340483 2.47672 2.96 2.0
3.8816 3.8816 10.714534 4.63192 4.8016 5.88
2.0 0.0 13.751752 6.941226 1.0 5.391301
2.0 3.0 4.655683 2.67192 1.0 2.0
3.0 3.0 9.8016 4.0 4.96 1.96
3.0 3.0 8.7232 4.0 3.8816 1.96
6.88 7.88 5.647936 2.0 3.0 3.8816
6.420608 4.692672 4.92 10.88 4.92 4.92
2.934104 0.431663 8.444341 12.531079 2.96 5.547855
3.414396 4.414396 8.266567 11.109836 3.8816 5.405941
0.0 0.0 18.912121 11.007703 0.695683 7.982419
7.7632 1.0 17.571271 11.791933 4.92 5.566689
11.785311 1.8816 25.47568 16.119148 13.112965 8.272965
11.785311 1.8816 26.131363 16.119148 13.112965 8.272965
7.114567 0.772483 20.748186 13.941225 10.353962 8.831393
2.0 1.0 3.643743 11.154439 9.426491 5.92
1.0 2.647936 4.259014 17.889403 10.477114 2.695683
3.92 2.738409 7.886554 15.397454 13.568336 6.88
1.0 0.0 4.061823 11.777119 7.884924 1.96
3.0 0.0 6.467503 9.052193 8.360176 3.0
3.7632 5.7632 3.7632 14.905851 14.155447 2.8416
2.0 4.335711 7.391055 21.803542 13.561959 6.049232
0.0 2.202282 5.095413 20.653175 16.01948 1.768636
5.612672 8.532672 10.894836 30.405148 20.24193 8.185284
1.432589 4.865177 8.449348 10.65061 17.987093 9.125715
9.635301 2.084556 9.053206 5.794578 4.59512 4.0
2.493451 2.0 6.805018 4.92 3.8816 1.846336
3.0 3.772483 13.716668 6.727936 6.806336 2.577283
4.192965 5.074565 15.724146 10.653384 11.394783 7.745377
4.8816 6.498514 13.748908 10.923866 4.0 4.0
1.96 5.398574 17.278952 10.566911 2.96 3.96
7.406643 3.032065 8.232083 8.858572 2.189063 1.96
7.150377 3.766336 8.383318 4.7632 2.8816 3.8816
6.961933 3.587855 9.862111 7.535683 5.654083 4.7632
8.378883 4.654083 7.806336 4.354799 4.109604 4.0
8.074565 4.654083 8.806336 4.354799 4.109604 4.0
10.090028 14.247286 9.90356 8.969329 2.257596 0.0
11.789736 15.247286 9.90356 9.969329 3.257596 1.0
13.053219 17.088698 7.902046 7.712613 4.199 4.0
3.0 2.0 17.388005 13.505402 6.92 6.92
8.213813 1.96 26.434288 12.173701 9.109767 11.889884
2.8816 1.971902 12.636245 6.005721 4.96 6.431055
2.0 1.0 10.312655 3.695683 1.0 4.8816
0.0 0.0 8.098911 6.547919 2.772483 1.96
3.96 4.766336 13.186889 16.796419 3.695683 3.695683
1.7632 0.0 14.836418 11.644637 2.7632 3.7632
4.587919 4.766336 12.720681 8.714882 1.96 3.0
4.587919 4.766336 12.720681 8.714882 1.96 3.0
3.8229 2.846461 15.360108 10.29128 1.0 2.67192
0.8816 0.0 18.751649 12.297069 3.0 3.96
6.766336 3.96 11.312934 7.320961 4.766336 6.532672
8.330613 1.0 9.051263 5.721936 3.423367 4.027708
6.077389 2.96 9.689212 6.533058 4.286433 4.8666
6.077389 2.96 9.689212 6.533058 4.286433 4.8666
7.834293 2.8816 7.804548 6.351736 3.194975 2.366433
7.834293 2.8816 7.804548 6.351736 3.194975 2.366433
10.067777 5.8016 9.463695 3.0 2.8816 0.0
13.276864 5.305155 8.993805 6.7632 5.7232 2.96
13.276864 5.305155 8.993805 6.7632 5.7232 2.96
13.276864 5.305155 8.993805 6.7632 5.7232 2.96
7.865789 1.391365 6.204592 6.532672 4.647936 2.8816
7.471023 0.0 7.125482 3.293813 2.192196 2.0
7.471023 0.0 7.125482 3.293813 2.192196 2.0
7.471023 0.0 7.125482 3.293813 2.192196 2.0
6.594091 4.577283 8.788966 6.523752 1.8816 1.0
5.57681 2.014494 9.672774 8.537978 0.0 5.8816
6.547402 5.437212 15.910713 12.070981 4.846336 4.607936
2.0 0.0 11.82266 12.066741 2.772483 5.7632
5.92 5.8416 14.277695 9.797011 5.268777 3.0
4.7232 4.607936 16.048183 12.522016 8.382019 2.0
7.614083 9.201938 12.750955 10.884192 7.022111 2.0
6.204576 4.339247 6.7632 4.7632 3.0 3.8816
6.608774 7.075789 7.0 5.0 3.0 1.0
7.577283 4.655683 4.96 7.8816 3.8816 2.0
2.0 1.450613 8.371136 11.418078 11.688207 6.449653
4.15848 3.0 9.8416 3.96 3.695683 2.577283
2.96 3.0 9.928397 7.806336 6.687936 5.250802
4.391365 1.391365 8.931421 12.097325 10.906193 11.166102
3.837291 1.0 9.05602 1.695683 5.391365 5.766336
5.88 2.0 3.846336 6.368694 2.846336 4.692672
3.0 1.0 7.8016 5.654083 3.0 4.96
3.0 1.0 7.8016 5.654083 3.0 4.96
5.92 4.0 1.8816 2.655683 1.0 0.0
8.7232 7.84 1.96 2.8816 1.96 0.0
1.391365 0.8816 2.8816 5.615683 3.0 0.0
0.0 0.8816 3.8416 4.471055 1.0 0.0
0.0 0.8816 3.8416 4.471055 1.0 0.0
0.0 0.8816 3.8416 4.471055 1.0 0.0
10.190086 15.078976 12.160902 8.179769 2.0 3.96
13.898142 9.263431 15.322897 14.295872 11.7216 5.7632
4.215996 5.772483 20.562114 5.952386 1.0 3.0
3.0 3.0 18.511805 3.59512 1.96 1.0
3.0 4.0 12.902815 3.0 3.96 0.0
1.8816 2.96 7.864447 0.0 0.8816 2.96
1.8816 2.96 7.740487 0.0 0.8816 1.8816
4.0 3.0 9.584531 5.0 4.846336 3.491315
7.312589 5.92 21.246143 14.438913 11.273158 7.972787
3.0 2.0 4.7632 3.647936 0.8816 1.8816
3.0 3.695683 11.309519 3.8816 0.8816 3.444341
6.577283 2.96 8.473726 2.0 3.0 3.0
9.391055 7.726336 3.664877 0.0 0.0 0.0
7.135413 7.766336 2.601141 0.0 0.0 2.0
14.874362 14.735508 3.96 2.96 2.0 3.92
1.0 0.0 0.493829 2.0 0.0 2.846336
0.0 0.0 5.879315 6.07307 3.539241 10.903176
2.084556 1.0 6.860502 6.537283 4.273744 4.692672
0.0 0.0 1.0 1.0 1.0 2.772483
1.0 2.0 4.04711 10.959489 5.766336 6.71903
2.8816 2.0 7.649817 10.449129 7.427919 7.190658
0.695683 0.0 7.970071 10.628317 10.76557 7.54691
1.0 0.42499 3.450613 5.195789 4.195789 3.0
0.0 0.0 3.732483 3.450613 1.0 2.96
0.0 0.0 3.96 1.0 0.0 1.0
2.0 2.0 6.312589 4.92 4.92 2.732483
0.0 1.96 8.741046 4.478839 3.96 13.875109
5.7632 2.8816 3.772483 12.529536 2.0 3.846336
11.259008 2.8816 3.0 4.865829 3.0 2.601141
4.8816 2.0 2.8816 0.0 1.202061 0.0
4.8816 2.0 2.8816 0.0 1.202061 0.0
4.8816 2.0 2.8816 0.0 1.202061 0.0
4.8816 2.0 2.8816 0.0 1.202061 0.0
4.8816 2.0 2.8816 0.0 1.202061 0.0
4.8816 2.0 2.8816 0.0 1.202061 0.0
4.8816 2.0 2.8816 0.0 1.202061 0.0
4.8816 2.0 2.8816 0.0 1.202061 0.0
4.8816 2.0 2.8816 0.0 1.202061 0.0
4.8816 2.0 2.8816 0.0 1.202061 0.0
4.8816 2.0 2.8816 0.0 1.202061 0.0
4.8816 2.0 2.8816 0.0 1.202061 0.0
4.8816 2.0 2.8816 0.0 1.202061 0.0
4.8816 2.0 2.8816 0.0 1.202061 0.0
4.8816 2.0 2.8816 0.0 1.202061 0.0
4.8816 2.0 2.8816 0.0 1.202061 0.0
4.8816 2.0 2.8816 0.0 1.202061 0.0
4.8816 2.0 2.8816 0.0 1.202061 0.0
4.8816 2.0 2.8816 0.0 1.202061 0.0
4.8816 2.0 2.8816 0.0 1.202061 0.0
4.8816 2.0 2.8816 0.0 1.202061 0.0
4.8816 2.0 2.8816 0.0 1.202061 0.0
4.8816 2.0 2.8816 0.0 1.202061 0.0
4.8816 2.0 2.8816 0.0 1.202061 0.0
4.8816 2.0 2.8816 0.0 1.202061 0.0
4.8816 2.0 2.8816 0.0 1.202061 0.0
4.8816 2.0 2.8816 0.0 1.202061 0.0
4.8816 2.0 2.8816 0.0 1.202061 0.0
4.8816 2.0 2.8816 0.0 1.202061 0.0
4.8816 2.0 2.8816 0.0 1.202061 0.0
4.8816 2.0 2.8816 0.0 1.202061 0.0
4.8816 2.0 2.8816 0.0 1.202061 0.0
4.8816 2.0 2.8816 0.0 1.202061 0.0
4.8816 2.0 2.8816 0.0 1.202061 0.0
4.8816 2.0 2.8816 0.0 1.202061 0.0
4.8816 2.0 2.8816 0.0 1.202061 0.0
4.8816 2.0 2.8816 0.0 1.202061 0.0
4.8816 2.0 2.8816 0.0 1.202061 0.0
4.8816 2.0 2.8816 0.0 1.202061 0.0
4.8816 2.0 2.8816 0.0 1.202061 0.0
4.8816 2.0 2.8816 0.0 1.202061 0.0
4.8816 2.0 2.8816 0.0 1.202061 0.0
4.8816 2.0 2.8816 0.0 1.202061 0.0
4.8816 2.0 2.8816 0.0 1.202061 0.0
2.766336 3.0 4.0 2.0 0.153978 1.0
2.766336 3.0 4.0 2.0 0.153978 1.0
2.766336 3.0 4.0 2.0 0.153978 1.0
2.766336 3.0 4.0 2.0 0.153978 1.0
2.766336 3.0 4.0 2.0 0.153978 1.0
2.766336 3.0 4.0 2.0 0.153978 1.0
2.766336 3.0 4.0 2.0 0.153978 1.0
2.766336 3.0 4.0 2.0 0.153978 1.0
2.766336 3.0 4.0 2.0 0.153978 1.0
2.766336 3.0 4.0 2.0 0.153978 1.0
2.766336 3.0 4.0 2.0 0.153978 1.0
2.766336 3.0 4.0 2.0 0.153978 1.0
2.766336 3.0 4.0 2.0 0.153978 1.0
3.766336 4.0 4.0 2.0 0.153978 1.0
3.766336 4.0 4.0 2.0 0.153978 1.0
3.766336 4.0 4.0 2.0 0.153978 1.0
3.766336 4.0 4.0 2.0 0.153978 1.0
3.766336 4.0 4.0 2.0 0.153978 1.0
3.766336 4.0 4.0 2.0 0.153978 1.0
2.766336 4.96 4.0 2.0 0.153978 1.0
2.766336 4.96 4.0 2.0 0.153978 1.0
2.766336 4.96 4.0 2.0 0.153978 1.0
2.766336 4.96 4.0 2.0 0.153978 1.0
2.766336 4.96 4.0 2.0 0.153978 1.0
2.766336 4.96 4.0 2.0 0.153978 1.0
2.766336 4.96 4.0 2.0 0.153978 1.0
2.766336 4.96 4.0 2.0 0.153978 1.0
2.766336 4.96 4.0 2.0 0.153978 1.0
2.766336 4.96 4.0 2.0 0.153978 1.0
2.766336 4.96 4.0 2.0 0.153978 1.0
2.766336 4.96 4.0 2.0 0.153978 1.0
2.766336 4.96 4.0 2.0 0.153978 1.0
2.766336 4.96 4.0 2.0 0.153978 1.0
2.766336 4.96 4.0 2.0 0.153978 1.0
2.766336 4.96 4.0 2.0 0.153978 1.0
2.766336 4.96 4.0 2.0 0.153978 1.0
2.766336 4.96 4.0 2.0 0.153978 1.0
2.766336 4.96 4.0 2.0 0.153978 1.0
2.766336 4.96 4.0 2.0 0.153978 1.0
2.766336 4.96 4.0 2.0 0.153978 1.0
2.766336 4.96 4.0 2.0 0.153978 1.0
2.766336 4.96 4.0 2.0 0.153978 1.0
2.766336 4.96 4.0 2.0 0.153978 1.0
2.766336 4.96 4.0 2.0 0.153978 1.0
2.766336 4.96 4.0 2.0 0.153978 1.0
3.695683 2.8816 4.0 0.0 0.0 0.0
3.695683 2.8816 4.0 0.0 0.0 0.0
3.695683 2.8816 4.0 0.0 0.0 0.0
3.695683 3.0 3.0 0.0 0.0 0.0
3.695683 3.0 3.0 0.0 0.0 0.0
3.695683 3.0 3.0 0.0 0.0 0.0
3.695683 3.0 3.0 0.0 0.0 0.0
3.695683 3.0 3.0 0.0 0.0 0.0
3.695683 3.0 3.0 0.0 0.0 0.0
3.695683 3.0 3.0 0.0 0.0 0.0
3.695683 3.0 3.0 0.0 0.0 0.0
4.0 3.0 3.0 3.0 4.0 3.0
4.0 3.0 3.0 3.0 4.0 3.0
4.0 3.0 3.0 3.0 4.0 3.0
4.0 3.0 3.0 3.0 4.0 3.0
4.0 3.0 3.0 3.0 4.0 3.0
2.0 3.0 3.0 5.0 6.0 3.0
2.0 3.0 3.0 5.0 6.0 3.0
2.0 3.0 3.0 5.0 6.0 3.0
2.0 3.0 3.0 5.0 6.0 3.0
2.0 3.0 3.0 5.0 6.0 3.0
2.0 3.0 3.0 5.0 6.0 3.0
2.0 3.0 3.0 5.0 6.0 3.0
2.0 3.0 3.0 5.0 6.0 3.0
2.0 3.0 3.0 5.0 6.0 3.0
2.0 3.0 3.0 5.0 6.0 3.0
2.0 3.0 3.0 5.0 6.0 3.0
2.0 3.0 3.0 5.0 6.0 3.0
2.0 3.0 3.0 5.0 6.0 3.0
[INFO]Interrupting...
